six different illustrative backgrounds
10 background files
file number:  1   snow cover (fresh)
0  lambda    rho eps
    1.40     .48 .52
    1.46     .05 .95
    1.55     .05 .95
    1.85     .24 .76
    1.93     .02 .98
    2.08     .02 .98
    2.25     .17 .83
    2.35     .06 .94
    2.45     .02 .98
    3.00     .02 .98
    3.20     .07 .93
      5.     .02 .98
     20.     .02 .98
     50.     .02 .98
9                         
file number:  2   forest
0  lambda    rho eps
     1.5     .83 .17
      2.     .83 .17
     2.5     .68 .32
     2.7     .42 .58
     3.0     .08 .92
     3.5     .16 .84
      4.     .19 .81
     4.5     .26 .74
      5.     .29 .71
      6.     .27 .73
      7.     .15 .85
      8.     .15 .85
     10.     .17 .83
     12.     .19 .81
     14.     .22 .78
9                         
file number:  3   farm
0  lambda    rho eps
     1.5     .90 .10
      2.     .90 .10
     2.5     .42 .58
      3.     .12 .88
      4.     .44 .56
      5.     .60 .40
     5.5     .43 .57
      6.     .20 .80
     6.5     .23 .77
      7.     .15 .85
      8.     .09 .91
      9.     .12 .88
     10.     .15 .85
     11.     .22 .78
     12.     .25 .75
     13.     .20 .80
     14.     .16 .84
9                         
file number:  4   desert
0  lambda    rho eps
     1.5     .71 .29
      2.     .56 .44
     2.5     .38 .62
     3.0     .13 .87
     3.5     .20 .80
     4.0     .20 .80
     5.0     .20 .80
     6.0     .18 .82
     8.0     .15 .85
     10.     .12 .88
     12.     .10 .90
     14.     .08 .92
9                         
file number:  5   ocean  (not grazing angles)
0  lambda    rho eps
     1.0     .03 .97       ----- added jun91
     1.5     .03 .97
      2.     .02 .98
     2.6     .01 .99
     2.9     .05 .95
     3.4     .02 .98
      4.     .02 .98
      6.     .02 .98
      8.     .01 .99
     10.     .02 .98
     12.     .04 .96
     14.     .06 .94
9                         
file number:  6   cloud deck (diffuse only--6x for forward scatt) Steve Young
0  lambda    rho eps
      1.0    2.0 .70
      1.4    2.0 .70
      1.5    1.0 .80
      1.8    2.0 .70
      2.     .50 .90
      2.1    1.0 .90
     2.13    2.0 .80
     2.25    2.0 .80
      2.3    .70 .80
      2.5    .70 .86
      2.6    .02 .99
      3.3    .02 .99
      3.5    .50 .90
      4.0    .50 .90
      4.7    .10 .98
      5.5    .20 .96
      6.     .05 .99
      7.     .05 .99
      7.5    .10 .98
     20.     .10 .98
9                         
file number:  7  vegetation a  grass                                       
0  lambda    rho eps
      0.3    .07  .93
      .45    .275 .725
      .60    .4  .6
      .7     .5  .5
      .8     .52 .48
      .9     .53 .47
      1.     .52 .48
      1.1    .52 .48
      1.2    .51 .49
      1.3    .51 .49
      1.4    .50 .50 
      1.5    .42 .68    
      1.6    .445 .555
      1.7    .445 .555
      1.8    .44 .56
      1.9    .35 .65
      2.     .365 .635
      2.1    .325 .675
      2.2    .35  .65
      2.3    .3   .7
      2.4    .295 .705
      2.5    .24  .86 
9                         
file number:  8  vegetation b dead grass                                        
0  lambda    rho eps
      0.3    .1  .90
      .45    .2  .8  
      .60    .28 .72
      .7     .35 .65
      .8     .40 .60
      .9     .42 .58
      1.     .45 .55
      1.1    .47 .53
      1.2    .50 .50
      1.3    .52 .48
      1.4    .52 .48 
      1.5    .50 .50    
      1.6    .53 .47 
      1.7    .55 .45 
      1.8    .54 .46
      1.9    .45 .55
      2.     .48 .52 
      2.1    .42 .58 
      2.2    .45 .55 
      2.3    .4  .6
      2.4    .4  .6    
      2.5    .3  .08  
9                         
file number:  9  vegetation c maple leaf                                        
0  lambda    rho eps
      0.3    .02 .98
      .45    .03 .97
      .53    .07 .93 
      .60    .04 .96
      .7     .05 .95
      .8     .55 .45
      .9     .57 .43
      1.     .56 .44
      1.1    .58 .42
      1.2    .52 .48
      1.3    .53 .47
      1.4    .38 .62 
      1.5    .24 .76    
      1.6    .35 .65 
      1.7    .38 .62 
      1.8    .35 .65
      1.9    .10 .90
      2.     .10 .90   
      2.1    .18 .82  
      2.2    .23 .77 
      2.3    .18 .82
      2.4    .15 .85   
      2.5    .08 .92  
9                         
file number: 10   vegetation d burnt grass                                       
0  lambda    rho eps
      0.3    .02 .98
      1.1    .05 .95
      1.7    .105 .895
      2.5    .20 .80  
9                         
file number: 13   test file for modtran
1  v(cm-1)   rho eps
     500.    .50 .50
    2380.    .50 .50
    2420.    .50 .50
    5000.    .50 .50
9
file number: 14   test file for modtran
1  v(cm-1)   rho eps
     500.    .75 .25
    2380.    .75 .25
    2420.    .75 .25
    5000.    .75 .25
9
file number: 15   test file for modtran
1  v(cm-1)   rho eps
     500.    1.0  0.
    2380.    1.0  0.
    2420.    1.0  0.
    5000.    1.0  0.
9
file number: 16   test file for modtran
1  v(cm-1)   rho eps
     500.     0. 1.0
    2380.     0. 1.0
    2420.     0. 1.0
    5000.     0. 1.0
9
end
