AATSR
F0     F1      B1 B2 T1 T2 
18.25, 0.598   
18.25, 0.598  
18.25, 0.598  
18.25, 0.598    
  5.39,0.177  228023.02   3849.0896 1.7269503   0.99634349
                9323.4507 1326.0422 0.1033266   0.999253
                6821.7295 1194.8956 0.055009452 0.99928154  
18.25, 0.598      
21.46, 0.703       
23.11, 0.757 
20.29, 0.665 
 5.39, 0.177  238452.0  3885.87 -2.041717 1.005042 
                9085.71 1307.60  1.01508  0.99901  
                6781.06 1186.10 -0.64899  1.001682 