3,    channel 3 : SRF digitized from https://doi.org/10.5194/amt-16-3581-2023 (July 2024)
Number of data points:
65
Wavenumber (cm-1)   Filter response
6252	0.00
6242	0.01
6232	0.01
6222	0.01
6212	0.01
6202	0.02
6192	0.03
6182	0.05
6172	0.08
6165	0.11
6159	0.14
6154	0.18
6150	0.21
6146	0.25
6142	0.28
6138	0.32
6135	0.38
6132	0.44
6134	0.41
6128	0.49
6124	0.54
6121	0.60
6123	0.57
6116	0.67
6113	0.73
6108	0.78
6105	0.83
6101	0.87
6098	0.92
6093	0.95
6086	0.99
6076	1.00
6067	1.00
6057	0.98
6048	0.97
6038	0.95
6029	0.93
6021	0.90
6012	0.87
6006	0.85
6001	0.82
5995	0.78
5991	0.75
5988	0.71
5986	0.68
5981	0.63
5978	0.59
5974	0.52
5971	0.48
5967	0.42
5963	0.37
5959	0.33
5956	0.27
5952	0.23
5949	0.19
5946	0.15
5941	0.11
5937	0.08
5931	0.05
5923	0.03
5914	0.01
5905	0.01
5896	0.01
5887	0.01
5878	0.00
