1                    *****  MODTRAN 3.5 Version 1.1   Jan 97  *****
0 CARD 1  *****t0  2    2    0    0    0    0    0    0    0    0    0    0    0 290.000   0.00
0 CARD 1B *****F   0F   0   330.000
0 CARD 2  *****    0    0    0    0    0    0   0.00000   0.00000   0.00000   0.00000   0.00000
0 CARD 3  ***** 100.00000 500.00000   0.00000   0.00000   0.00000   0.00000    0
0 CARD 4  *****      2200      3350         1         0

 WARNING:  IFWHM IS BEING  RESET FROM         0 CM-1 TO 2 CM-1
0 PROGRAM WILL COMPUTE TRANSMITTANCE           
0 ATMOSPHERIC MODEL
          TEMPERATURE =    2     MIDLATITUDE SUMMER  
          WATER VAPOR =    2     MIDLATITUDE SUMMER  
          OZONE       =    2     MIDLATITUDE SUMMER  
                      M4 =     2 M5 =     2 M6 =     2 MDEF =     1
0 SLANT PATH, H1 TO H2
          H1    =  100.00000 KM
          H2    =  500.00000 KM
          ANGLE =    0.00000 DEG
          RANGE =    0.00000 KM
          BETA  =    0.00000 DEG
          LENN  =      0
 FREQUENCY RANGE
             IV1 =      2200 CM-1  (      4.55 MICRONS)
             IV2 =      3350 CM-1  (      2.99 MICRONS)
             IDV =         1 CM-1
           IFWHM =         2 CM-1
1
  ATMOSPHERIC PROFILES

   I     Z       P       T        N2       CNTMSLF   CNTMFRN MOL SCAT     N-1     O3 (UV)   O2 (UV)   WAT DROP  ICE PART  RAIN RATE
        (KM)    (MB)    (K)               (  MOL/CM2 KM  )      (-)       (-)    (  ATM CM/KM  )       (GM/M3)   (GM/M3)   (MM/HR)

   1   0.0000 1013.000  294.2  7.902E-01 8.829E+20 4.618E+22 9.282E-01 2.662E-04 2.799E-03 3.432E+04     0.000     0.000     0.000
   2   1.0000  902.000  289.7  6.461E-01 3.895E+20 2.788E+22 8.393E-01 2.410E-04 2.799E-03 2.974E+04     0.000     0.000     0.000
   3   2.0000  802.000  285.2  5.270E-01 1.568E+20 1.604E+22 7.581E-01 2.178E-04 2.798E-03 2.579E+04     0.000     0.000     0.000
   4   3.0000  710.000  279.2  4.310E-01 4.900E+19 8.139E+21 6.855E-01 1.970E-04 2.892E-03 2.246E+04     0.000     0.000     0.000
   5   4.0000  628.000  273.2  3.522E-01 1.626E+19 4.247E+21 6.197E-01 1.782E-04 2.985E-03 1.960E+04     0.000     0.000     0.000
   6   5.0000  554.000  267.2  2.865E-01 4.503E+18 2.019E+21 5.589E-01 1.608E-04 3.079E-03 1.709E+04     0.000     0.000     0.000
   7   6.0000  487.000  261.2  2.317E-01 1.677E+18 1.109E+21 5.026E-01 1.446E-04 3.219E-03 1.488E+04     0.000     0.000     0.000
   8   7.0000  426.000  254.7  1.865E-01 6.158E+17 6.031E+20 4.509E-01 1.297E-04 3.498E-03 1.294E+04     0.000     0.000     0.000
   9   8.0000  372.000  248.2  1.497E-01 1.986E+17 3.070E+20 4.040E-01 1.162E-04 3.685E-03 1.127E+04     0.000     0.000     0.000
  10   9.0000  324.000  241.7  1.198E-01 6.482E+16 1.569E+20 3.614E-01 1.040E-04 4.012E-03 9.811E+03     0.000     0.000     0.000
  11  10.0000  281.000  235.3  9.505E-02 1.844E+16 7.458E+19 3.219E-01 9.262E-05 4.195E-03 8.520E+03     0.000     0.000     0.000
  12  11.0000  243.000  228.8  7.518E-02 2.180E+15 2.281E+19 2.863E-01 8.237E-05 5.130E-03 7.401E+03     0.000     0.000     0.000
  13  12.0000  209.000  222.3  5.891E-02 1.621E+14 5.506E+18 2.534E-01 7.292E-05 5.648E-03 6.407E+03     0.000     0.000     0.000
  14  13.0000  179.000  215.8  4.586E-02 9.317E+12 1.165E+18 2.236E-01 6.433E-05 6.704E-03 5.537E+03     0.000     0.000     0.000
  15  14.0000  153.000  215.7  3.353E-02 2.662E+12 5.323E+17 1.912E-01 5.501E-05 8.408E-03 4.628E+03     0.000     0.000     0.000
  16  15.0000  130.000  215.7  2.421E-02 8.885E+11 2.613E+17 1.625E-01 4.674E-05 8.118E-03 3.851E+03     0.000     0.000     0.000
  17  16.0000  111.000  215.7  1.765E-02 6.102E+11 1.849E+17 1.387E-01 3.991E-05 8.318E-03 3.231E+03     0.000     0.000     0.000
  18  17.0000   95.000  215.7  1.293E-02 4.203E+11 1.313E+17 1.187E-01 3.416E-05 8.305E-03 2.724E+03     0.000     0.000     0.000
  19  18.0000   81.200  216.8  9.350E-03 2.945E+11 9.350E+16 1.010E-01 2.905E-05 1.009E-02 2.285E+03     0.000     0.000     0.000
  20  19.0000   69.500  217.9  6.780E-03 2.204E+11 6.888E+16 8.598E-02 2.474E-05 1.289E-02 1.924E+03     0.000     0.000     0.000
  21  20.0000   59.500  219.2  4.911E-03 1.698E+11 5.145E+16 7.317E-02 2.105E-05 1.462E-02 1.621E+03     0.000     0.000     0.000
  22  21.0000   51.000  220.4  3.569E-03 1.349E+11 3.909E+16 6.238E-02 1.795E-05 1.496E-02 1.370E+03     0.000     0.000     0.000
  23  22.0000   43.700  221.6  2.592E-03 1.066E+11 2.962E+16 5.316E-02 1.529E-05 1.541E-02 1.159E+03     0.000     0.000     0.000
  24  23.0000   37.600  222.8  1.898E-03 8.932E+10 2.320E+16 4.549E-02 1.309E-05 1.546E-02 9.861E+02     0.000     0.000     0.000
  25  24.0000   32.200  223.9  1.378E-03 7.002E+10 1.751E+16 3.877E-02 1.115E-05 1.550E-02 8.358E+02     0.000     0.000     0.000
  26  25.0000   27.700  225.1  1.009E-03 5.652E+10 1.346E+16 3.317E-02 9.544E-06 1.591E-02 7.119E+02     0.000     0.000     0.000
  27  30.0000   13.200  233.7  2.126E-04 1.491E+10 3.173E+15 1.523E-02 4.381E-06 1.065E-02 3.220E+02     0.000     0.000     0.000
  28  35.0000    6.520  245.2  4.713E-05 3.666E+09 7.406E+14 7.168E-03 2.062E-06 6.375E-03 1.506E+02     0.000     0.000     0.000
  29  40.0000    3.330  257.5  1.115E-05 9.204E+08 1.805E+14 3.486E-03 1.003E-06 2.630E-03 7.302E+01     0.000     0.000     0.000
  30  45.0000    1.760  269.9  2.834E-06 2.673E+08 4.904E+13 1.758E-03 5.058E-07 7.905E-04 3.677E+01     0.000     0.000     0.000
  31  50.0000    0.951  275.7  7.930E-07 7.616E+07 1.385E+13 9.299E-04 2.675E-07 2.602E-04 1.944E+01     0.000     0.000     0.000
  32  55.0000    0.515  269.3  2.437E-07 2.215E+07 4.140E+12 5.155E-04 1.483E-07 9.273E-05 1.077E+01     0.000     0.000     0.000
  33  60.0000    0.272  257.1  7.460E-08 5.921E+06 1.184E+12 2.852E-04 8.205E-08 3.705E-05 5.958E+00     0.000     0.000     0.000
  34  70.0000    0.067  218.1  6.290E-09 2.734E+05 7.388E+10 8.281E-05 2.383E-08 3.310E-06 1.730E+00     0.000     0.000     0.000
  35  80.0000    0.012  174.1  3.166E-10 4.433E+03 2.111E+09 1.858E-05 5.346E-09 3.714E-07 3.881E-01     0.000     0.000     0.000
  36 100.0000    0.000  190.5  1.223E-13 6.210E-02 1.552E+05 3.651E-07 1.050E-10 1.459E-08 5.838E-03     0.000     0.000     0.000
1
  ATMOSPHERIC PROFILES

   I     Z       P       T      AEROSOL 1 AEROSOL 2 AEROSOL 3 AEROSOL 4  AER1*RH   CIRRUS      RH     WAT DROP  ICE PART
        (KM)    (MB)    (K)       (-)       (-)       (-)       (-)        (-)      (-)     (PERCNT)  (550nm VIS [KM-1])

   1   0.0000 1013.000  294.2  0.000E+00 0.000E+00 0.000E+00 0.000E+00 0.000E+00 0.000E+00  76.17503   0.00000   0.00000
   2   1.0000  902.000  289.7  0.000E+00 0.000E+00 0.000E+00 0.000E+00 0.000E+00 0.000E+00  66.02483   0.00000   0.00000
   3   2.0000  802.000  285.2  0.000E+00 0.000E+00 0.000E+00 0.000E+00 0.000E+00 0.000E+00  55.19531   0.00000   0.00000
   4   3.0000  710.000  279.2  0.000E+00 0.000E+00 0.000E+00 0.000E+00 0.000E+00 0.000E+00  45.29265   0.00000   0.00000
   5   4.0000  628.000  273.2  0.000E+00 0.000E+00 0.000E+00 0.000E+00 0.000E+00 0.000E+00  39.04912   0.00000   0.00000
   6   5.0000  554.000  267.2  0.000E+00 0.000E+00 0.000E+00 0.000E+00 0.000E+00 0.000E+00  31.41731   0.00000   0.00000
   7   6.0000  487.000  261.2  0.000E+00 0.000E+00 0.000E+00 0.000E+00 0.000E+00 0.000E+00  29.97997   0.00000   0.00000
   8   7.0000  426.000  254.7  0.000E+00 0.000E+00 0.000E+00 0.000E+00 0.000E+00 0.000E+00  30.31067   0.00000   0.00000
   9   8.0000  372.000  248.2  0.000E+00 0.000E+00 0.000E+00 0.000E+00 0.000E+00 0.000E+00  29.63037   0.00000   0.00000
  10   9.0000  324.000  241.7  0.000E+00 0.000E+00 0.000E+00 0.000E+00 0.000E+00 0.000E+00  30.15017   0.00000   0.00000
  11  10.0000  281.000  235.3  0.000E+00 0.000E+00 0.000E+00 0.000E+00 0.000E+00 0.000E+00  29.44042   0.00000   0.00000
  12  11.0000  243.000  228.8  0.000E+00 0.000E+00 0.000E+00 0.000E+00 0.000E+00 0.000E+00  19.47967   0.00000   0.00000
  13  12.0000  209.000  222.3  0.000E+00 0.000E+00 0.000E+00 0.000E+00 0.000E+00 0.000E+00  10.69401   0.00000   0.00000
  14  13.0000  179.000  215.8  0.000E+00 0.000E+00 0.000E+00 0.000E+00 0.000E+00 0.000E+00   5.42294   0.00000   0.00000
  15  14.0000  153.000  215.7  0.000E+00 0.000E+00 0.000E+00 0.000E+00 0.000E+00 0.000E+00   2.93318   0.00000   0.00000
  16  15.0000  130.000  215.7  0.000E+00 0.000E+00 0.000E+00 0.000E+00 0.000E+00 0.000E+00   1.69473   0.00000   0.00000
  17  16.0000  111.000  215.7  0.000E+00 0.000E+00 0.000E+00 0.000E+00 0.000E+00 0.000E+00   1.40448   0.00000   0.00000
  18  17.0000   95.000  215.7  0.000E+00 0.000E+00 0.000E+00 0.000E+00 0.000E+00 0.000E+00   1.16560   0.00000   0.00000
  19  18.0000   81.200  216.8  0.000E+00 0.000E+00 0.000E+00 0.000E+00 0.000E+00 0.000E+00   0.85627   0.00000   0.00000
  20  19.0000   69.500  217.9  0.000E+00 0.000E+00 0.000E+00 0.000E+00 0.000E+00 0.000E+00   0.65106   0.00000   0.00000
  21  20.0000   59.500  219.2  0.000E+00 0.000E+00 0.000E+00 0.000E+00 0.000E+00 0.000E+00   0.49151   0.00000   0.00000
  22  21.0000   51.000  220.4  0.000E+00 0.000E+00 0.000E+00 0.000E+00 0.000E+00 0.000E+00   0.38190   0.00000   0.00000
  23  22.0000   43.700  221.6  0.000E+00 0.000E+00 0.000E+00 0.000E+00 0.000E+00 0.000E+00   0.29660   0.00000   0.00000
  24  23.0000   37.600  222.8  0.000E+00 0.000E+00 0.000E+00 0.000E+00 0.000E+00 0.000E+00   0.23748   0.00000   0.00000
  25  24.0000   32.200  223.9  0.000E+00 0.000E+00 0.000E+00 0.000E+00 0.000E+00 0.000E+00   0.18627   0.00000   0.00000
  26  25.0000   27.700  225.1  0.000E+00 0.000E+00 0.000E+00 0.000E+00 0.000E+00 0.000E+00   0.14688   0.00000   0.00000
  27  30.0000   13.200  233.7  0.000E+00 0.000E+00 0.000E+00 0.000E+00 0.000E+00 0.000E+00   0.03098   0.00000   0.00000
  28  35.0000    6.520  245.2  0.000E+00 0.000E+00 0.000E+00 0.000E+00 0.000E+00 0.000E+00   0.00523   0.00000   0.00000
  29  40.0000    3.330  257.5  0.000E+00 0.000E+00 0.000E+00 0.000E+00 0.000E+00 0.000E+00   0.00094   0.00000   0.00000
  30  45.0000    1.760  269.9  0.000E+00 0.000E+00 0.000E+00 0.000E+00 0.000E+00 0.000E+00   0.00020   0.00000   0.00000
  31  50.0000    0.951  275.7  0.000E+00 0.000E+00 0.000E+00 0.000E+00 0.000E+00 0.000E+00   0.00007   0.00000   0.00000
  32  55.0000    0.515  269.3  0.000E+00 0.000E+00 0.000E+00 0.000E+00 0.000E+00 0.000E+00   0.00006   0.00000   0.00000
  33  60.0000    0.272  257.1  0.000E+00 0.000E+00 0.000E+00 0.000E+00 0.000E+00 0.000E+00   0.00008   0.00000   0.00000
  34  70.0000    0.067  218.1  0.000E+00 0.000E+00 0.000E+00 0.000E+00 0.000E+00 0.000E+00   0.00071   0.00000   0.00000
  35  80.0000    0.012  174.1  0.000E+00 0.000E+00 0.000E+00 0.000E+00 0.000E+00 0.000E+00   0.07237   0.00000   0.00000
  36 100.0000    0.000  190.5  0.000E+00 0.000E+00 0.000E+00 0.000E+00 0.000E+00 0.000E+00   0.00001   0.00000   0.00000
1
  ATMOSPHERIC PROFILES

   I      Z       P       H2O      O3       CO2      CO       CH4      N2O      O2       NH3      NO       NO2      SO2      HNO3
         (KM)    (MB)  (                                            ATM CM/KM                                                     )
   1   0.0000 1013.000  1.74E+03 2.80E-03 3.06E+01 1.39E-02 1.58E-01 2.97E-02 1.94E+04 4.64E-05 2.78E-05 2.13E-06 2.78E-05 4.64E-06
   2   1.0000  902.000  1.16E+03 2.80E-03 2.77E+01 1.22E-02 1.43E-01 2.68E-02 1.75E+04 4.19E-05 2.52E-05 1.93E-06 2.30E-05 5.00E-06
   3   2.0000  802.000  7.34E+02 2.80E-03 2.50E+01 1.06E-02 1.29E-01 2.42E-02 1.58E+04 3.51E-05 2.27E-05 1.74E-06 1.79E-05 5.25E-06
   4   3.0000  710.000  4.10E+02 2.89E-03 2.26E+01 9.24E-03 1.16E-01 2.19E-02 1.43E+04 2.60E-05 2.06E-05 1.58E-06 1.30E-05 5.42E-06
   5   4.0000  628.000  2.36E+02 2.99E-03 2.04E+01 8.12E-03 1.05E-01 1.98E-02 1.29E+04 1.78E-05 1.86E-05 1.42E-06 9.04E-06 5.50E-06
   6   5.0000  554.000  1.24E+02 3.08E-03 1.84E+01 7.28E-03 9.42E-02 1.79E-02 1.17E+04 1.14E-05 1.68E-05 1.28E-06 6.59E-06 5.45E-06
   7   6.0000  487.000  7.59E+01 3.22E-03 1.66E+01 6.47E-03 8.40E-02 1.61E-02 1.05E+04 7.33E-06 1.51E-05 1.16E-06 4.88E-06 5.58E-06
   8   7.0000  426.000  4.60E+01 3.50E-03 1.49E+01 5.62E-03 7.43E-02 1.44E-02 9.42E+03 4.45E-06 1.35E-05 1.04E-06 3.74E-06 5.68E-06
   9   8.0000  372.000  2.61E+01 3.68E-03 1.33E+01 4.78E-03 6.58E-02 1.29E-02 8.44E+03 2.62E-06 1.21E-05 9.29E-07 2.91E-06 5.62E-06
  10   9.0000  324.000  1.49E+01 4.01E-03 1.19E+01 3.95E-03 5.83E-02 1.14E-02 7.55E+03 1.36E-06 1.08E-05 8.38E-07 2.37E-06 5.53E-06
  11  10.0000  281.000  7.96E+00 4.20E-03 1.06E+01 3.20E-03 5.08E-02 9.96E-03 6.72E+03 6.53E-07 9.65E-06 7.66E-07 1.96E-06 5.60E-06
  12  11.0000  243.000  2.74E+00 5.13E-03 9.44E+00 2.56E-03 4.41E-02 8.55E-03 5.98E+03 3.12E-07 8.58E-06 7.50E-07 1.66E-06 5.78E-06
  13  12.0000  209.000  7.46E-01 5.65E-03 8.36E+00 1.98E-03 3.82E-02 7.44E-03 5.29E+03 1.60E-07 7.60E-06 7.98E-07 1.42E-06 6.11E-06
  14  13.0000  179.000  1.79E-01 6.70E-03 7.37E+00 1.42E-03 3.30E-02 6.39E-03 4.67E+03 6.97E-08 6.68E-06 9.94E-07 1.25E-06 6.17E-06
  15  14.0000  153.000  9.56E-02 8.41E-03 6.31E+00 9.60E-04 2.77E-02 5.35E-03 3.99E+03 2.12E-08 5.64E-06 1.43E-06 1.08E-06 6.37E-06
  16  15.0000  130.000  5.52E-02 8.12E-03 5.36E+00 6.40E-04 2.31E-02 4.42E-03 3.39E+03 7.26E-09 4.59E-06 2.78E-06 9.34E-07 7.34E-06
  17  16.0000  111.000  4.58E-02 8.32E-03 4.57E+00 4.25E-04 1.93E-02 3.62E-03 2.90E+03 2.93E-09 3.72E-06 4.42E-06 7.97E-07 1.02E-05
  18  17.0000   95.000  3.80E-02 8.31E-03 3.92E+00 2.95E-04 1.61E-02 2.87E-03 2.48E+03 1.31E-09 2.99E-06 6.16E-06 6.37E-07 1.56E-05
  19  18.0000   81.200  3.18E-02 1.01E-02 3.33E+00 1.98E-04 1.33E-02 2.19E-03 2.11E+03 6.76E-10 2.42E-06 7.78E-06 4.82E-07 2.13E-05
  20  19.0000   69.500  2.75E-02 1.29E-02 2.84E+00 1.33E-04 1.10E-02 1.58E-03 1.80E+03 3.41E-10 2.10E-06 9.11E-06 3.41E-07 2.73E-05
  21  20.0000   59.500  2.41E-02 1.46E-02 2.41E+00 9.73E-05 8.95E-03 1.18E-03 1.53E+03 1.76E-10 1.86E-06 1.02E-05 2.33E-07 3.07E-05
  22  21.0000   51.000  2.15E-02 1.50E-02 2.06E+00 7.68E-05 7.19E-03 8.25E-04 1.30E+03 1.20E-10 1.73E-06 1.10E-05 1.66E-07 3.08E-05
  23  22.0000   43.700  1.91E-02 1.54E-02 1.75E+00 6.54E-05 5.66E-03 6.09E-04 1.11E+03 9.14E-11 1.63E-06 1.15E-05 1.21E-07 2.90E-05
  24  23.0000   37.600  1.75E-02 1.55E-02 1.50E+00 5.94E-05 4.42E-03 4.71E-04 9.50E+02 7.23E-11 1.64E-06 1.17E-05 9.41E-08 2.61E-05
  25  24.0000   32.200  1.55E-02 1.55E-02 1.28E+00 5.42E-05 3.41E-03 3.73E-04 8.10E+02 5.58E-11 1.75E-06 1.19E-05 7.36E-08 2.26E-05
  26  25.0000   27.700  1.39E-02 1.59E-02 1.09E+00 5.04E-05 2.61E-03 2.97E-04 6.93E+02 4.08E-11 2.27E-06 1.24E-05 5.80E-08 1.86E-05
  27  30.0000   13.200  7.16E-03 1.07E-02 5.02E-01 3.04E-05 9.61E-04 1.02E-04 3.18E+02 9.66E-12 3.73E-06 9.37E-06 2.04E-08 5.69E-06
  28  35.0000    6.520  3.55E-03 6.38E-03 2.36E-01 1.78E-05 3.59E-04 2.65E-05 1.50E+02 1.30E-12 5.11E-06 5.21E-06 8.31E-09 1.18E-06
  29  40.0000    3.330  1.78E-03 2.63E-03 1.15E-01 1.03E-05 1.36E-04 6.05E-06 7.28E+01 1.02E-13 3.90E-06 1.40E-06 4.74E-09 1.86E-07
  30  45.0000    1.760  9.58E-04 7.91E-04 5.80E-02 5.81E-06 5.05E-05 1.35E-06 3.67E+01 5.23E-15 2.06E-06 2.02E-07 3.69E-09 2.13E-08
  31  50.0000    0.951  5.11E-04 2.60E-04 3.07E-02 3.39E-06 1.81E-05 2.99E-07 1.94E+01 6.63E-16 9.57E-07 4.12E-08 3.31E-09 5.16E-09
  32  55.0000    0.515  2.76E-04 9.27E-05 1.70E-02 2.02E-06 8.11E-06 1.05E-07 1.08E+01 2.47E-16 5.20E-07 1.75E-08 2.36E-09 2.29E-09
  33  60.0000    0.272  1.43E-04 3.71E-05 9.41E-03 1.33E-06 4.28E-06 3.98E-08 5.96E+00 1.04E-16 2.88E-07 8.12E-09 1.47E-09 1.10E-09
  34  70.0000    0.067  3.06E-05 3.31E-06 2.73E-03 9.74E-07 1.24E-06 6.43E-09 1.73E+00 2.13E-17 9.52E-08 1.91E-09 3.58E-10 2.71E-10
  35  80.0000    0.012  3.90E-06 3.71E-07 6.09E-04 1.27E-06 2.79E-07 9.59E-10 3.88E-01 3.79E-18 4.98E-08 3.75E-10 2.47E-11 5.59E-11
  36 100.0000    0.000  1.46E-08 1.46E-08 7.11E-06 3.68E-07 4.38E-09 1.04E-11 5.84E-03 5.40E-20 7.59E-08 6.20E-12 1.31E-14 9.97E-13
1
  ATMOSPHERIC PROFILES

   I      Z     CFC-11   CFC-12   CFC-13   CFC-14   CFC-22   CFC-113  CFC-114  CFC-115  CLONO2    HNO4    CHCL2F    CCL4     N2O5  
         (KM)   (                                                  ATM CM/KM                                                  )
   1   0.0000  1.30E-05 2.23E-05 9.28E-14 9.28E-14 5.57E-06 1.76E-06 1.11E-06 9.28E-14 5.33E-07 4.03E-08 9.28E-14 1.21E-05 2.24E-11
   2   1.0000  1.17E-05 2.01E-05 8.39E-14 8.39E-14 5.03E-06 1.59E-06 1.01E-06 8.39E-14 4.30E-07 1.79E-07 8.39E-14 1.09E-05 8.00E-11
   3   2.0000  1.06E-05 1.82E-05 7.58E-14 7.58E-14 4.54E-06 1.44E-06 9.09E-07 7.58E-14 3.41E-07 2.91E-07 7.58E-14 9.85E-06 1.26E-10
   4   3.0000  9.59E-06 1.64E-05 6.85E-14 6.85E-14 4.10E-06 1.30E-06 8.22E-07 6.85E-14 2.66E-07 3.79E-07 6.85E-14 8.91E-06 1.63E-10
   5   4.0000  8.67E-06 1.49E-05 6.19E-14 6.19E-14 3.70E-06 1.18E-06 7.43E-07 6.19E-14 2.02E-07 4.48E-07 6.19E-14 8.05E-06 1.91E-10
   6   5.0000  7.82E-06 1.34E-05 5.59E-14 5.59E-14 3.34E-06 1.06E-06 6.70E-07 5.59E-14 1.54E-07 1.01E-06 5.59E-14 7.25E-06 2.02E-10
   7   6.0000  7.03E-06 1.21E-05 5.02E-14 5.02E-14 3.00E-06 9.54E-07 6.03E-07 5.02E-14 1.13E-07 1.46E-06 5.02E-14 6.50E-06 2.07E-10
   8   7.0000  6.31E-06 1.08E-05 4.51E-14 4.51E-14 2.69E-06 8.56E-07 5.41E-07 4.51E-14 7.86E-08 1.80E-06 4.51E-14 5.83E-06 2.09E-10
   9   8.0000  5.65E-06 9.69E-06 4.04E-14 4.04E-14 2.41E-06 7.67E-07 4.85E-07 4.04E-14 5.01E-08 2.06E-06 4.04E-14 5.21E-06 2.08E-10
  10   9.0000  5.05E-06 8.66E-06 3.61E-14 3.61E-14 2.15E-06 6.85E-07 4.33E-07 3.61E-14 4.36E-08 1.77E-06 3.61E-14 4.66E-06 2.08E-10
  11  10.0000  4.49E-06 7.71E-06 3.22E-14 3.22E-14 1.92E-06 6.10E-07 3.86E-07 3.22E-14 3.78E-08 1.52E-06 3.22E-14 4.15E-06 2.05E-10
  12  11.0000  3.99E-06 6.85E-06 2.86E-14 2.86E-14 1.70E-06 5.42E-07 3.43E-07 2.86E-14 3.27E-08 1.30E-06 2.86E-14 3.69E-06 1.99E-10
  13  12.0000  3.52E-06 6.05E-06 2.53E-14 2.53E-14 1.51E-06 4.79E-07 3.04E-07 2.53E-14 2.81E-08 1.11E-06 2.53E-14 3.27E-06 1.92E-10
  14  13.0000  3.02E-06 5.26E-06 2.23E-14 2.23E-14 1.32E-06 4.15E-07 2.65E-07 2.23E-14 1.79E-07 1.26E-06 2.23E-14 2.79E-06 9.85E-09
  15  14.0000  2.50E-06 4.43E-06 1.91E-14 1.91E-14 1.11E-06 3.48E-07 2.25E-07 1.91E-14 2.85E-07 1.33E-06 1.91E-14 2.31E-06 1.67E-08
  16  15.0000  2.06E-06 3.71E-06 1.62E-14 1.62E-14 9.38E-07 2.90E-07 1.89E-07 1.62E-14 3.54E-07 1.34E-06 1.62E-14 1.90E-06 2.12E-08
  17  16.0000  1.71E-06 3.12E-06 1.39E-14 1.39E-14 7.93E-07 2.43E-07 1.59E-07 1.39E-14 3.98E-07 1.32E-06 1.39E-14 1.57E-06 2.41E-08
  18  17.0000  1.33E-06 2.55E-06 1.19E-14 1.19E-14 6.60E-07 1.96E-07 1.33E-07 1.19E-14 1.20E-06 1.69E-06 1.19E-14 1.21E-06 1.04E-07
  19  18.0000  1.03E-06 2.06E-06 1.01E-14 1.01E-14 5.45E-07 1.57E-07 1.09E-07 1.01E-14 1.76E-06 1.92E-06 1.01E-14 9.14E-07 1.60E-07
  20  19.0000  7.81E-07 1.67E-06 8.59E-15 8.59E-15 4.51E-07 1.25E-07 9.05E-08 8.59E-15 2.12E-06 2.04E-06 8.59E-15 6.82E-07 1.96E-07
  21  20.0000  5.86E-07 1.35E-06 7.31E-15 7.31E-15 3.72E-07 9.94E-08 7.46E-08 7.31E-15 2.34E-06 2.08E-06 7.31E-15 4.99E-07 2.19E-07
  22  21.0000  4.28E-07 1.07E-06 6.23E-15 6.23E-15 3.05E-07 7.72E-08 6.08E-08 6.23E-15 2.87E-06 2.19E-06 6.23E-15 3.56E-07 2.58E-07
  23  22.0000  3.03E-07 8.39E-07 5.31E-15 5.31E-15 2.49E-07 5.93E-08 4.95E-08 5.31E-15 3.19E-06 2.22E-06 5.31E-15 2.45E-07 2.82E-07
  24  23.0000  2.07E-07 6.59E-07 4.55E-15 4.55E-15 2.04E-07 4.52E-08 4.03E-08 4.55E-15 3.36E-06 2.21E-06 4.55E-15 1.59E-07 2.93E-07
  25  24.0000  1.32E-07 5.11E-07 3.87E-15 3.87E-15 1.67E-07 3.37E-08 3.26E-08 3.87E-15 3.41E-06 2.14E-06 3.87E-15 9.30E-08 2.95E-07
  26  25.0000  9.04E-08 3.94E-07 3.32E-15 3.32E-15 1.35E-07 2.52E-08 2.63E-08 3.32E-15 3.22E-06 1.93E-06 3.32E-15 6.25E-08 2.55E-07
  27  30.0000  5.94E-09 8.95E-08 1.52E-15 1.52E-15 4.60E-08 4.44E-09 8.57E-09 1.52E-15 1.73E-06 7.76E-07 1.52E-15 2.67E-09 8.40E-08
  28  35.0000  1.42E-10 1.53E-08 7.16E-16 7.16E-16 1.48E-08 5.13E-10 2.62E-09 7.16E-16 3.75E-07 1.05E-07 7.16E-16 2.83E-11 7.75E-09
  29  40.0000  6.45E-13 2.12E-09 3.48E-16 3.48E-16 4.84E-09 4.29E-11 8.08E-10 3.48E-16 1.49E-08 3.47E-09 3.48E-16 1.38E-14 7.42E-11
  30  45.0000  1.61E-14 3.75E-10 1.76E-16 1.76E-16 1.82E-09 5.65E-12 2.84E-10 1.76E-16 2.95E-10 1.53E-10 1.76E-16 9.79E-17 6.92E-13
  31  50.0000  5.54E-16 7.92E-11 9.29E-17 9.29E-17 8.16E-10 9.20E-13 1.16E-10 9.29E-17 4.34E-12 7.09E-12 9.29E-17 1.02E-18 5.84E-15
  32  55.0000  3.15E-17 2.14E-11 5.15E-17 5.15E-17 4.18E-10 2.02E-13 5.36E-11 5.15E-17 6.15E-14 3.50E-13 5.15E-17 1.94E-20 5.38E-17
  33  60.0000  1.21E-18 5.53E-12 2.85E-17 2.85E-17 2.19E-10 4.05E-14 2.48E-11 2.85E-17 4.87E-16 1.37E-14 2.85E-17 1.50E-22 1.46E-19
  34  70.0000  4.21E-21 3.23E-13 8.28E-18 8.28E-18 5.95E-11 1.45E-15 4.85E-12 8.28E-18 5.99E-19 2.66E-16 8.28E-18 8.17E-26 6.79E-23
  35  80.0000  3.68E-24 9.64E-15 1.86E-18 1.86E-18 1.21E-11 2.28E-17 6.59E-13 1.86E-18 7.50E-23 1.57E-18 1.86E-18 5.44E-30 9.45E-27
  36 100.0000  1.13E-30 9.05E-19 3.65E-20 3.65E-20 6.53E-14 4.78E-22 7.77E-16 3.65E-20 2.95E-35 1.21E-31 3.65E-20 1.86E-38 0.00E+00


 CASE 2A:  GIVEN H1, H2 AND ANGLE

 GEOINP:  THE ENTIRE PATH LIES ABOVE ZMAX, THE TOP OF THE ATMOSPHERIC PROFILE

    ZMAX =  100.00000    H1 =  100.00000    H2 =  500.00000    HMIN =  100.00000
0GEO:  IERROR NE 0: END THIS CALCULATION AND SKIP TO THE NEXT CASE
0 CARD 5 *****    0
