;INCLUDE 'PARAM.LST'  
;BLOCK DATA  
;ALTITUDE REGIONS FOR AEROSOL EXTINCTION COEFFICIENTS     
;   
;   
;      0-2KM 
;        RUREXT=RURAL EXTINCTION   RURABS=RURAL ABSORPTION         
;        RURSYM=RURAL ASYMMETRY FACTORS 
;        URBEXT=URBAN EXTINCTION   URBABS=URBAN ABSORPTION         
;        URBSYM=URBAN ASYMMETRY FACTORS 
;        OCNEXT=MARITIME EXTINCTION  OCNABS=MARITIME ABSORPTION    
;        OCNSYM=MARITIME ASYMMETRY FACTORS       
;        TROEXT=TROPSPHER EXTINCTION  TROABS=TROPOSPHER ABSORPTION 
;        TROSYM=TROPSPHERIC ASYMMETRY FACTORS    
;        FG1EXT=FOG1 .2KM VIS EXTINCTION  FG1ABS=FOG1 ABSORPTION   
;        FG1SYM=FOG1 ASYMMETRY FACTORS  
;        FG2EXT=FOG2 .5KM VIS EXTINCTION  FG2ABS=FOG2 ABSORPTION   
;        FG2SYM=FOG2 ASYMMETRY FACTORS  
;      >2-10KM        
;        TROEXT=TROPOSPHER EXTINCTION  TROABS=TROPOSPHER ABSORPTION
;        TROSYM=TROPOSPHERIC ASYMMETRY FACTORS   
;      >10-30KM       
;        BSTEXT=BACKGROUND STRATOSPHERIC EXTINCTION       
;        BSTABS=BACKGROUND STRATOSPHERIC ABSORPTION       
;        BSTSYM=BACKGROUND STRATOSPHERIC ASYMMETRY FACTORS         
;        AVOEXT=AGED VOLCANIC EXTINCTION         
;        AVOABS=AGED VOLCANIC ABSORPTION         
;        AVOSYM=AGED VOLCANIC ASYMMETRY FACTORS  
;        FVOEXT=FRESH VOLCANIC EXTINCTION        
;        FVOABS=FRESH VOLCANIC ABSORPTION        
;        FVOSYM=FRESH VOLCANIC ASYMMETRY FACTORS 
;      >30-100KM      
;        DMEEXT=METEORIC DUST EXTINCTION         
;        DMEABS=METEORIC DUST ABSORPTION         
;        DMESYM=METEORIC DUST ASYMMETRY FACTORS  
;   
;AEROSOL EXTINCTION AND ABSORPTION DATA 
;   
;MODIFIED TO INCLUDE ASYMMETRY DATA - JAN 1986 (A.E.R. INC.)       
;   
;COMMONEXTD/VX0(NWAVLN),      
;  RUREXT(NWAVLN,4),RURABS(NWAVLN,4),RURSYM(NWAVLN,4),    
;  URBEXT(NWAVLN,4),URBABS(NWAVLN,4),URBSYM(NWAVLN,4),    
;  OCNEXT(NWAVLN,4),OCNABS(NWAVLN,4),OCNSYM(NWAVLN,4),    
;  TROEXT(NWAVLN,4),TROABS(NWAVLN,4),TROSYM(NWAVLN,4),    
;  FG1EXT(NWAVLN),FG1ABS(NWAVLN),FG1SYM(NWAVLN), 
;  FG2EXT(NWAVLN),FG2ABS(NWAVLN),FG2SYM(NWAVLN), 
;  BSTEXT(NWAVLN),BSTABS(NWAVLN),BSTSYM(NWAVLN), 
;  AVOEXT(NWAVLN),AVOABS(NWAVLN),AVOSYM(NWAVLN), 
;  FVOEXT(NWAVLN),FVOABS(NWAVLN),FVOSYM(NWAVLN), 
;  DMEEXT(NWAVLN),DMEABS(NWAVLN),DMESYM(NWAVLN), 
;  CCUEXT(NWAVLN),CCUABS(NWAVLN),CCUSYM(NWAVLN), 
;  CALEXT(NWAVLN),CALABS(NWAVLN),CALSYM(NWAVLN), 
;  CSTEXT(NWAVLN),CSTABS(NWAVLN),CSTSYM(NWAVLN), 
;  CSCEXT(NWAVLN),CSCABS(NWAVLN),CSCSYM(NWAVLN), 
;  CNIEXT(NWAVLN),CNIABS(NWAVLN),CNISYM(NWAVLN)  
;   
;    CI64--    STANDARD  CIRRUS  CLOUD  MODEL    
;         ICE 64 MICRON MODE RADIUS CIRRUS CLOUD MODEL    
;   
;    CIR4--    OPTICALLY  THIN  CIRRUS  MODEL    
;         ICE  4 MICRON MODE RADIUS CIRRUS CLOUD MODEL    
;   
;COMMONCIRR/CI64XT(NWAVLN),CI64AB(NWAVLN),CI64G(NWAVLN), 
;   CIR4XT(NWAVLN) CIR4AB(NWAVLN) CIR4G(NWAVLN)  
;DATA VX0   
   .2000    .3000    .3371    .5500    .6943   1.0600   1.5360    
  2.0000   2.2500   2.5000   2.7000   3.0000   3.3923   3.7500    
  4.5000   5.0000   5.5000   6.0000   6.2000   6.5000   7.2000    
  7.9000   8.2000   8.7000   9.0000   9.2000  10.0000  10.5910    
 11.0000  11.5000  12.5000  14.8000  15.0000  16.4000  17.2000    
 18.5000  21.3000  25.0000  30.0000  40.0000  50.0000  60.0000    
 80.0000  100.000  150.000  200.000  300.000   
;DATA (RUREXT(I 1) I=1 NWAVLN)         
 2.09291  1.74582  1.60500  1.00000   .75203   .41943   .24070    
  .14709   .13304   .12234   .13247   .11196   .10437   .09956    
  .09190   .08449   .07861   .07025   .07089   .07196   .07791    
  .04481   .04399   .12184   .12658   .12829   .09152   .08076    
  .07456   .06880   .06032   .04949   .05854   .06000   .06962    
  .05722   .06051   .05177   .04589   .04304    
  .03582   .03155   .02018   .01469   .00798   .00551  0.        
 2.09544  1.74165  1.59981  1.00000   .75316   .42171   .24323    
  .15108   .13608   .12430   .13222   .13823   .11076   .10323    
  .09475   .08728   .08076   .07639   .07797   .07576   .07943    
  .04899   .04525   .12165   .12741   .12778   .09032   .07962    
  .07380   .06880   .06329   .05791   .06646   .06639   .07443    
  .06304   .06443   .05538   .04867   .04519    
  .03821   .03374   .02173   .01587   .00862   .00594  0.        
 2.07082  1.71456  1.57962  1.00000   .76095   .43228   .25348    
  .16456   .14677   .13234   .13405   .20316   .12873   .11506    
  .10481   .09709   .08918   .09380   .09709   .08791   .08601    
  .06247   .05601   .11905   .12595   .12348   .08741   .07703    
  .07266   .07044   .07443   .08146   .08810   .08563   .08962    
  .08051   .07677   .06658   .05747   .05184    
  .04572   .04074   .02689   .01981   .01084   .00714  0.        
 1.66076  1.47886  1.40139  1.00000   .80652   .50595   .32259    
  .23468   .20772   .18532   .17348   .35114   .20006   .17386    
  .16139   .15424   .14557   .16215   .16766   .14994   .14032    
  .12968   .12601   .13551   .13582   .13228   .11070   .09994    
  .09873   .10418   .13241   .15924   .16139   .15949   .15778    
  .15184   .13848   .12563   .11076   .09601    
  .09312   .08720   .06644   .05264   .03181   .02196  0.0       
;DATA (RURABS(I 1) I=1 NWAVLN)         
  .67196   .11937   .08506   .05930   .05152   .05816   .05006    
  .01968   .02070   .02101   .05652   .02785   .01316   .00867    
  .01462   .01310   .01627   .02013   .02165   .02367   .03538    
  .02823   .03962   .06778   .07285   .08120   .04032   .03177    
  .02557   .02342   .02177   .02627   .03943   .03114   .03696    
  .02956   .03500   .03241   .03297   .03380    
  .03170   .02794   .01769   .01305   .00730   .00518  0.0       
  .62968   .10816   .07671   .05380   .04684   .05335   .04614    
  .01829   .01899   .01962   .05525   .06816   .01652   .00867    
  .01544   .01373   .01627   .02892   .02829   .02532   .03487    
  .02835   .03854   .06684   .07272   .08038   .03987   .03247    
  .02816   .02816   .03101   .03741   .04829   .04032   .04399    
  .03734   .03956   .03601   .03525   .03563    
 .03357   .02965   .01887   .01395   .00782   .00555  0.0        
  .51899   .08278   .05816   .04082   .03570   .04158   .03620    
  .01513   .01481   .01633   .05278   .13690   .02494   .00886    
  .01804   .01582   .01677   .04816   .04367   .03013   .03443    
  .02930   .03677   .06209   .06911   .07475   .03892   .03494    
  .03513   .03968   .05152   .06241   .06937   .06203   .06215    
  .05614   .05209   .04608   .04196   .04095    
  .03916   .03486   .02262   .01686   .00951   .00674  0.0       
  .21943   .02848   .01943   .01342   .01171   .01437   .01323    
  .01152   .00696   .01329   .06108   .24690   .05323   .01430    
  .03361   .02949   .02652   .09437   .08506   .05348   .04627    
  .04380   .04557   .05380   .05715   .05899   .04861   .05253    
  .06171   .07437   .10152   .12019   .12190   .11734   .11411    
  .10766   .09487   .08430   .07348   .06861    
  .06936   .06458   .04735   .03761   .02313   .01668  0.0       
;DATA (RURSYM(I 1) I=1 NWAVLN)         
  .7581    .6785    .6712    .6479    .6342    .6176    .6334     
  .7063    .7271    .7463    .7788    .7707    .7424    .7312     
  .7442    .7516    .7662    .7940    .7886    .7797    .7664     
  .8525    .8700    .5846    .5570    .5992    .6159    .6271     
  .6257    .6374    .6546    .6861    .6859    .6120    .5570     
  .5813    .5341    .5284    .5137    .4348    .4223    .3775     
  .3435    .3182    .2791    .2494    .0000    
  .7632    .6928    .6865    .6638    .6498    .6314    .6440     
  .7098    .7303    .7522    .7903    .7804    .7380    .7319     
  .7508    .7584    .7738    .8071    .7929    .7843    .7747     
  .8507    .8750    .6112    .5851    .6272    .6466    .6616     
  .6653    .6798    .6965    .7026    .6960    .6360    .5848     
  .6033    .5547    .5445    .5274    .4518    .4318    .3863     
  .3516    .3257    .2853    .2548    .0000    
  .7725    .7240    .7197    .6997    .6858    .6650    .6702     
  .7181    .7378    .7653    .8168    .7661    .7286    .7336     
  .7654    .7735    .7910    .8303    .8025    .7957    .7946     
  .8468    .8734    .6831    .6619    .6994    .7250    .7449     
  .7547    .7665    .7644    .7265    .7170    .6769    .6409     
  .6442    .6031    .5854    .5646    .4977    .4602    .4127     
  .3751    .3476    .3048    .2721    .0000    
  .7778    .7793    .7786    .7717    .7628    .7444    .7365     
  .7491    .7609    .7921    .8688    .7537    .7294    .7413     
  .7928    .8016    .8225    .8761    .8359    .8285    .8385     
  .8559    .8654    .8414    .8415    .8527    .8740    .8903     
  .8952    .8923    .8611    .8033    .7989    .7758    .7632     
  .7508    .7314    .7091    .6867    .6419    .5790    .5259     
  .4749    .4415    .3886    .3489    .0000    
;DATA (URBEXT(I 1) I=1 NWAVLN)         
 1.88816  1.63316  1.51867  1.00000   .77785   .47095   .30006    
  .21392   .19405   .17886   .18127   .16133   .14785   .14000    
  .12715   .11880   .11234   .10601   .10500   .10361   .10342    
  .08766   .08652   .11937   .12139   .12297   .09797   .09057    
  .08595   .08196   .07563   .06696   .07209   .06842   .07177    
  .06354   .06177   .05373   .04728   .04051    
  .03154   .02771   .01759   .01278   .00693   .00480  0.0       
 1.95582  1.64994  1.53070  1.00000   .77614   .46639   .29487    
  .21051   .18943   .17285   .17209   .21418   .15354   .14051    
  .12728   .11861   .11089   .11329   .11323   .10563   .10247    
  .08696   .08361   .12013   .12418   .12304   .09614   .08842    
  .08487   .08285   .08361   .08430   .08880   .08449   .08601    
  .07835   .07323   .06367   .05500   .04747    
  .03901   .03454   .02240   .01638   .00891   .00612  0.0       
 1.96430  1.64032  1.52392  1.00000   .77709   .46253   .28690    
  .20310   .17981   .16101   .15614   .26475   .15456   .13563    
  .12215   .11361   .10500   .11715   .11753   .10392   .09766    
  .08443   .08057   .10943   .11342   .11063   .08703   .08025    
  .07886   .08032   .09101   .10070   .10386   .09943   .09886    
  .09152   .08247   .07152   .06089   .05253    
  .04582   .04091   .02717   .02008   .01103   .00754  0.0       
 1.41266  1.33816  1.29114  1.00000   .83646   .55025   .35342    
  .25285   .21576   .18310   .16215   .37854   .20494   .16665    
  .14778   .13892   .12943   .15525   .15709   .13513   .12481    
  .11759   .11494   .11487   .11329   .11108   .09911   .09209    
  .09342   .10120   .13177   .15696   .15766   .15513   .15203    
  .14532   .13038   .11785   .10411   .09101    
  .08907   .08399   .06579   .05337   .03372   .02379  0.0       
;DATA (URBABS(I 1) I=1 NWAVLN)         
  .78437   .58975   .54285   .36184   .29222   .20886   .15658    
  .12329   .11462   .10747   .11797   .10025   .08759   .08184    
  .07506   .07006   .06741   .06601   .06544   .06449   .06665    
  .06278   .06949   .07316   .07462   .08101   .05753   .05272    
  .04899   .04734   .04494   .04443   .05133   .04348   .04443    
  .03994   .03981   .03633   .03468   .03146    
  .02809   .02471   .01556   .01145   .00639   .00454  0.0       
  .69032   .49367   .45165   .29741   .24070   .17399   .13146    
  .10354   .09589   .09025   .10411   .15101   .07880   .06949    
  .06570   .06095   .05829   .07171   .06797   .05975   .06013    
  .05589   .06051   .07139   .07494   .07956   .05525   .05184    
  .05089   .05291   .05886   .06380   .06880   .06127   .06019    
  .05525   .05070   .04500   .04076   .03741    
  .03400   .03010   .01926   .01427   .00800   .00567  0.0       
  .54848   .37101   .33734   .21949   .17785   .12968   .09854    
  .07804   .07165   .06791   .08563   .19639   .06722   .05316    
  .05316   .04886   .04620   .07570   .06899   .05291   .05101    
  .04734   .05025   .06171   .06570   .06854   .04892   .04797    
  .05057   .05665   .07127   .08095   .08411   .07728   .07475    
  .06886   .06019   .05222   .04538   .04171    
  .03911   .03486   .02271   .01697   .00961   .00681  0.0       
  .15975   .10000   .09013   .05785   .04671   .03424   .02633    
  .02525   .01975   .02354   .06241   .26690   .05810   .02285    
  .03810   .03386   .03044   .09627   .08557   .05405   .04576    
  .04392   .04424   .04671   .04791   .04861   .04684   .05177    
  .06158   .07475   .10342   .12146   .12177   .11734   .11335    
  .10608   .09171   .08063   .06968   .06475    
  .06559   .06131   .04591   .03714   .02365   .01734  0.0       
;DATA (URBSYM(I 1) I=1 NWAVLN)         
  .7785    .7182    .7067    .6617    .6413    .6166    .6287     
  .6883    .7070    .7243    .7370    .7446    .7391    .7371     
  .7414    .7435    .7466    .7543    .7498    .7424    .7270     
  .7674    .7850    .5880    .5616    .5901    .6159    .6238     
  .6240    .6281    .6306    .6298    .6252    .5785    .5378     
  .5512    .5072    .4930    .4709    .4009    .4110    .3672     
  .3344    .3093    .2717    .2426    .0000    
  .7906    .7476    .7385    .6998    .6803    .6536    .6590     
  .7066    .7258    .7484    .7769    .7405    .7351    .7459     
  .7625    .7673    .7759    .7910    .7732    .7703    .7644     
  .7966    .8142    .6635    .6428    .6700    .6935    .7050     
  .7092    .7145    .7094    .6762    .6684    .6316    .5997     
  .6013    .5625    .5433    .5198    .4552    .4387    .3928     
  .3575    .3310    .2899    .2588    .0000    
  .7949    .7713    .7650    .7342    .7162    .6873    .6820     
  .7131    .7312    .7583    .8030    .7171    .7185    .7400     
  .7698    .7778    .7923    .8142    .7864    .7867    .7891     
  .8147    .8298    .7276    .7136    .7361    .7590    .7729     
  .7783    .7808    .7624    .7094    .7022    .6714    .6480     
  .6417    .6104    .5887    .5651    .5058    .4692    .4212     
  .3825    .3549    .3112    .2778    .0000    
  .7814    .7993    .7995    .7948    .7870    .7682    .7751     
  .7501    .7565    .7809    .8516    .7137    .7039    .7241     
  .7728    .7846    .8093    .8576    .8125    .8140    .8304     
  .8472    .8549    .8525    .8569    .8640    .8853    .9017     
  .9061    .9021    .8685    .8126    .8091    .7897    .7802     
  .7691    .7550    .7353    .7146    .6754    .6134    .5601     
  .5056    .4701    .4134    .3714    .0000    
;DATA (OCNEXT(I 1) I=1 NWAVLN)         
 1.47576  1.32614  1.26171  1.00000   .88133   .70297   .56487    
  .46006   .42044   .38310   .35076   .42266   .32278   .28810    
  .24905   .21184   .16734   .14791   .21532   .15076   .12057    
  .10038   .10703   .15070   .15665   .14639   .10228   .08367    
  .07373   .06829   .05044   .04373   .04962   .06158   .07703    
  .07234   .06297   .05481   .05329   .08741    
  .04608   .03959   .02382   .01712   .00936   .00665  0.0       
 1.36924  1.25443  1.20835  1.00000   .91367   .77089   .64987    
  .54886   .50247   .45038   .38209   .50589   .43766   .38076    
  .31658   .27475   .22215   .21019   .27570   .21057   .16949    
  .14209   .14215   .16956   .17082   .16025   .11665   .09759    
  .09215   .09373   .10532   .12570   .13000   .13633   .14291    
  .13506   .11475   .09658   .08291   .10348    
  .06693   .05786   .03522   .02519   .01358   .00954  0.0       
 1.22259  1.14627  1.11842  1.00000   .94766   .87538   .80418    
  .72930   .68582   .62165   .49962   .67949   .66468   .59253    
  .49551   .44671   .37886   .35924   .43367   .37019   .30842    
  .26437   .25228   .24905   .23975   .22766   .17804   .15316    
  .15373   .16791   .22361   .28348   .28677   .29082   .29038    
  .27810   .23867   .20209   .16430   .14943    
  .12693   .11177   .07095   .05084   .02690   .01838  0.0       
 1.09133  1.06601  1.05620  1.00000   .97506   .94791   .94203    
  .93671   .92867   .90411   .80253   .89222   .94462   .92146    
  .85797   .82595   .76747   .68646   .78209   .75266   .68658    
  .62722   .60228   .56335   .53728   .51861   .43449   .37196    
  .35899   .37316   .46854   .58234   .58690   .60348   .60563    
  .60000   .55392   .50367   .43576   .35949    
  .34729   .32254   .23600   .17953   .10071   .06714  0.0       
;DATA (OCNABS(I 1) I=1 NWAVLN)         
  .30987   .04354   .02880   .01797   .01468   .01766   .01582    
  .00816   .01146   .01677   .03310   .03380   .00715   .00443    
  .00500   .00601   .00753   .01595   .02943   .00994   .01367    
  .01671   .02538   .03481   .03405   .03601   .01608   .01310    
  .01152   .01082   .01070   .01563   .02063   .03171   .03810    
  .03741   .03804   .03759   .04209   .07892    
  .04347   .03754   .02269   .01649   .00917   .00657  0.0       
  .23367   .03127   .02070   .01297   .01063   .01285   .01190    
  .00937   .00911   .01576   .05576   .23487   .03949   .00905    
  .02057   .01816   .01665   .08025   .08044   .03677   .03139    
  .03190   .03766   .04532   .04544   .04715   .03405   .03614    
  .04329   .05424   .07823   .09728   .10057   .10247   .10222    
  .09551   .08241   .07158   .06506   .09203    
  .06133   .05332   .03258   .02366   .01308   .00932  0.0       
  .13025   .01557   .01013   .00646   .00532   .00665   .00722    
  .01335   .00728   .01810   .09835   .37329   .09703   .01968    
  .05114   .04342   .03709   .17456   .16468   .08785   .06880    
  .06589   .06791   .07247   .07329   .07449   .07025   .07962    
  .09899   .12481   .17867   .22019   .22228   .22051   .21595    
  .20335   .17278   .14677   .12171   .12430    
  .10890   .09644   .06106   .04465   .02457   .01732  0.0       
  .03506   .00323   .00215   .00139   .00114   .00171   .00532    
  .03082   .01101   .03741   .20101   .47608   .21165   .05234    
  .12886   .11215   .09684   .32810   .31778   .20513   .16658    
  .15956   .15842   .15905   .15968   .16051   .16506   .18323    
  .21709   .25652   .33222   .39639   .39854   .40297   .40025    
  .39025   .35468   .32006   .27715   .25348    
  .25632   .23876   .17092   .13198   .07692   .05407  0.0       
;DATA (OCNSYM(I 1) I=1 NWAVLN)         
  .7516    .6960    .6920    .6756    .6767    .6844    .6936     
  .7055    .7110    .7177    .7367    .6287    .6779    .6784     
  .6599    .6659    .6859    .6887    .6095    .6558    .6665     
  .6697    .6594    .5851    .5644    .5760    .5903    .5991     
  .6024    .5979    .6087    .5837    .5763    .5348    .4955     
  .4821    .4635    .4373    .3944    .2344    .2754    .2447     
  .2266    .2088    .1766    .1481    .0000    
  .7708    .7288    .7243    .7214    .7211    .7330    .7445     
  .7579    .7649    .7790    .8182    .7673    .7171    .7205     
  .7235    .7251    .7397    .7537    .6934    .7137    .7193     
  .7206    .7151    .6732    .6620    .6696    .6821    .6895     
  .6898    .6819    .6556    .5925    .5869    .5511    .5284     
  .5124    .4912    .4646    .4302    .3124    .3101    .2752     
  .2529    .2335    .2021    .1738    .0000    
  .7954    .7782    .7752    .7717    .7721    .7777    .7872     
  .8013    .8089    .8301    .8844    .8332    .7557    .7597     
  .7823    .7822    .7944    .8157    .7712    .7738    .7784     
  .7807    .7800    .7682    .7659    .7692    .7780    .7828     
  .7776    .7621    .7115    .6342    .6294    .5999    .5854     
  .5700    .5512    .5265    .4996    .4236    .3765    .3357     
  .3066    .2830    .2466    .2184    .0000    
  .8208    .8270    .8260    .8196    .8176    .8096    .8096     
  .8202    .8255    .8520    .9228    .8950    .7965    .7847     
  .8242    .8244    .8376    .8857    .8463    .8332    .8379     
  .8441    .8467    .8502    .8534    .8562    .8688    .8789     
  .8785    .8683    .8252    .7562    .7519    .7261    .7141     
  .6980    .6789    .6540    .6294    .5783    .5100    .4595     
  .4164    .3868    .3404    .3042    .0000    
;DATA (TROEXT(I 1) I=1 NWAVLN)         
 2.21222  1.82753  1.67032  1.00000   .72424   .35272   .15234    
  .05165   .03861   .02994   .04671   .02462   .01538   .01146    
  .01032   .00816   .00861   .00994   .01057   .01139   .01747    
  .01494   .02418   .03165   .03386   .04247   .01601   .01215    
  .00937   .00861   .00823   .01139   .01924   .01234   .01348    
  .01114   .01297   .01266   .01418   .01487    
  .01543   .01321   .00793   .00582   .00330   .00239  0.0       
 2.21519  1.82266  1.66557  1.00000   .72525   .35481   .15449    
  .05475   .04044   .03082   .04620   .05272   .01867   .01266    
  .01127   .00886   .00886   .01449   .01399   .01228   .01728    
  .01475   .02285   .03215   .03494   .04285   .01652   .01304    
  .01101   .01120   .01297   .01753   .02468   .01741   .01766    
  .01513   .01557   .01456   .01532   .01582    
  .01619   .01386   .00832   .00610   .00346   .00251  0.0       
 2.19082  1.79462  1.64456  1.00000   .73297   .36443   .16278    
  .06468   .04658   .03399   .04538   .11892   .02835   .01646    
  .01386   .01076   .00968   .02551   .02222   .01468   .01690    
  .01437   .01994   .03127   .03513   .04076   .01722   .01513    
  .01519   .01791   .02538   .03272   .03816   .03038   .02886    
  .02551   .02228   .01937   .01804   .01791    
  .01798   .01539   .00924   .00678   .00384   .00278  0.0       
 1.75696  1.54829  1.45962  1.00000   .77816   .43139   .21778    
  .11329   .08101   .05506   .04943   .25291   .06816   .03703    
  .02601   .01968   .01468   .04962   .04247   .02234   .01797    
  .01532   .01633   .02259   .02487   .02595   .01728   .01892    
  .02399   .03247   .05285   .06462   .06608   .05930   .05525    
  .04861   .03753   .02968   .02348   .02165    
  .02152   .01841   .01104   .00809   .00458   .00332  0.0       
;DATA (TROABS(I 1) I=1 NWAVLN)         
  .69671   .09905   .06563   .04101   .03354   .03627   .02810    
  .00873   .00918   .00930   .03215   .01285   .00513   .00316    
  .00557   .00494   .00646   .00867   .00937   .01025   .01646    
  .01481   .02418   .02886   .03070   .04032   .01494   .01139    
  .00873   .00816   .00797   .01133   .01911   .01215   .01329    
  .01101   .01291   .01266   .01418   .01487    
  .01543   .01321   .00793   .00582   .00330   .00239  0.0       
  .65000   .08791   .05816   .03652   .02994   .03278   .02557    
  .00810   .00842   .00867   .03139   .03949   .00646   .00316    
  .00595   .00519   .00646   .01304   .01247   .01095   .01620    
  .01449   .02278   .02930   .03184   .04063   .01544   .01234    
  .01044   .01076   .01272   .01741   .02462   .01722   .01747    
  .01506   .01551   .01456   .01532   .01582    
  .01619   .01386   .00832   .00610   .00346   .00251  0.0       
  .52804   .06367   .04158   .02633   .02184   .02443   .01937    
  .00658   .00646   .00709   .02949   .10013   .00968   .00310    
  .00677   .00582   .00646   .02361   .01994   .01266   .01544    
  .01386   .01968   .02848   .03203   .03854   .01620   .01449    
  .01462   .01747   .02513   .03253   .03797   .03019   .02861    
  .02538   .02215   .01930   .01797   .01791    
  .01797   .01539   .00924   .00677   .00384   .00278  0.0       
  .19829   .01842   .01215   .00791   .00665   .00778   .00652    
  .00361   .00253   .00399   .02570   .20690   .01715   .00316    
  .00873   .00728   .00658   .04481   .03525   .01646   .01405    
  .01310   .01468   .01956   .02184   .02367   .01608   .01816    
  .02342   .03203   .05234   .06399   .06538   .05867   .05456    
  .04810   .03715   .02949   .02335   .02158    
  .02149   .01840   .01104   .00809   .00458   .00332  0.0       
;DATA (TROSYM(I 1) I=1 NWAVLN)         
  .7518    .6710    .6638    .6345    .6152    .5736    .5280     
  .4949    .4700    .4467    .4204    .4028    .3777    .3563     
  .3150    .2919    .2695    .2465    .2402    .2313    .2101     
  .1760    .1532    .2091    .2079    .1843    .1811    .1687     
  .1626    .1526    .1356    .1030    .0962    .1024    .1086     
  .0928    .0836    .0643    .0451    .0290    .0156    .0118     
  .0076    .0050    .0024    .0015    .0000    
  .7571    .6858    .6790    .6510    .6315    .5887    .5418     
  .5075    .4829    .4598    .4338    .4043    .3890    .3680     
  .3259    .3026    .2800    .2541    .2494    .2414    .2196     
  .1873    .1657    .2123    .2110    .1890    .1836    .1709     
  .1640    .1534    .1354    .1044    .0984    .1026    .1073     
  .0935    .0842    .0661    .0477    .0309    .0171    .0129     
  .0084    .0056    .0027    .0017    .0000    
  .7667    .7176    .7128    .6879    .6690    .6255    .5769     
  .5403    .5167    .4947    .4703    .4143    .4190    .3993     
  .3563    .3325    .3095    .2767    .2751    .2693    .2464     
  .2175    .1992    .2247    .2215    .2042    .1952    .1814     
  .1726    .1604    .1398    .1111    .1065    .1068    .1086     
  .0984    .0888    .0724    .0549    .0358    .0216    .0166     
  .0109    .0073    .0036    .0023    .0000    
  .7696    .7719    .7710    .7606    .7478    .7142    .6727     
  .6381    .6201    .6050    .5912    .4849    .5137    .5019     
  .4625    .4389    .4169    .3696    .3707    .3708    .3473     
  .3232    .3112    .3022    .2938    .2850    .2675    .2494     
  .2347    .2165    .1857    .1536    .1509    .1441    .1416     
  .1354    .1245    .1088    .0905    .0614    .0440    .0354     
  .0257    .0179    .0089    .0059    .0000    
;DATA FG1EXT         
  .98519   .99158   .99089  1.00000  1.00576  1.01747  1.03177    
 1.04146  1.04696  1.05323  1.05886  1.04899  1.06823  1.07804    
 1.09272  1.10367  1.11684  1.10430  1.11367  1.12899  1.14987    
 1.17209  1.18278  1.20133  1.21266  1.21949  1.22677  1.15589    
 1.05684   .98291  1.01120  1.10911  1.11462  1.14671  1.16247    
 1.18540  1.21580  1.24610  1.26840  1.20500  1.20850  1.23340    
 1.19560  1.06530   .68949   .42888  0.00000   
;DATA FG1ABS         
  .00013  0.00000  0.00000  0.00000  0.00000   .00095   .01513    
  .10861   .03892   .13272   .47133   .49696   .45785   .17918    
  .37373   .34601   .31867   .55190   .55025   .49987   .46342    
  .45943   .45918   .46089   .46241   .46386   .47196   .48905    
  .51468   .53101   .55266   .58665   .58899   .60367   .61158    
  .62335   .64120   .65627   .66278   .66393   .69344   .71087    
  .67625   .61180   .42130   .29086  0.00000   
;DATA FG1SYM         
  .8578    .8726    .8722    .8717    .8703    .8652    .8618     
  .8798    .8689    .8918    .9641    .9502    .9297    .8544     
  .9007    .8885    .8812    .9604    .9470    .9193    .9039     
  .9039    .9057    .9110    .9158    .9194    .9381    .9537     
  .9595    .9587    .9418    .9101    .9081    .8957    .8898     
  .8812    .8685    .8491    .8246    .7815    .7148    .6480     
  .5481    .4725    .3457    .2575    .0000    
;DATA FG2EXT         
  .94791   .96215   .97063  1.00000  1.00937  1.05177  1.12519    
 1.29570  1.39203  1.41120  1.04715  1.10816  1.43285  1.45272    
 1.18709  1.04367   .82354   .71747   .92405   .79342   .60266    
  .47677   .43171   .36734   .33259   .31184   .24139   .21601    
  .24006   .28816   .42671   .56861   .57266   .58089   .57165    
  .54247   .43983   .34475   .24907   .19291   .18500   .15586    
  .09047   .06445   .03533   .02529  0.00000   
;DATA FG2ABS         
 0.00000  0.00000  0.00000  0.00000  0.00000   .00013   .00247    
  .01987   .00620   .02323   .17209   .57930   .19810   .03475    
  .09639   .08000   .06582   .34589   .32703   .17025   .12633    
  .11816   .11627   .11519   .11538   .11601   .12329   .14468    
  .18633   .24057   .35411   .44886   .45095   .45215   .44278    
  .41778   .34433   .27826   .21066   .17864   .17626   .15028    
  .08844   .06358   .03515   .02523  0.00000   
;DATA FG2SYM         
  .8388    .8459    .8419    .8286    .8224    .7883    .7763     
  .8133    .8393    .8767    .9258    .8982    .7887    .8082     
  .8319    .8243    .8210    .8282    .8037    .7904    .7728     
  .7528    .7436    .7274    .7171    .7100    .6790    .6520     
  .6305    .6020    .5475    .4577    .4511    .4084    .3872     
  .3566    .2976    .2340    .1711    .0956    .0623    .0454     
  .0286    .0190    .0090    .0052    .0000    
;DATA BSTEXT         
 2.0752E0   1.8656E0   1.7246E0   1.0000E0   7.0156E-1  3.0170E-1 
 1.1440E-1  5.1225E-2  3.4285E-2  2.3475E-2  1.6878E-2  6.6506E-2 
 1.0943E-1  8.9653E-2  6.7609E-2  5.2855E-2  6.7496E-2  5.7975E-2 
 4.2471E-2  2.4176E-2  4.6102E-2  1.2339E-1  1.7699E-1  1.2389E-1 
 9.0220E-2  8.5793E-2  3.2838E-2  2.6528E-2  5.0703E-2  1.9471E-2 
 1.1710E-2  1.6106E-2  1.7716E-2  3.9533E-2  3.7954E-2  5.4871E-3 
 8.8409E-3  1.2289E-3  1.0647E-3  3.3151E-3  4.5164E-3  4.1496E-3 
 3.2801E-3  2.4481E-3  1.0714E-3  5.0381E-4  1.2101E-4  
;DATA BSTABS         
 2.4347E-7  1.4949E-7  1.3020E-7  6.8716E-8  1.0053E-7  4.2384E-6 
 2.3075E-4  1.4889E-3  1.8377E-3  3.3645E-3  4.6858E-3  5.9424E-2 
 1.0129E-1  8.2396E-2  6.3621E-2  5.0327E-2  6.5798E-2  5.6149E-2 
 4.0939E-2  2.3226E-2  4.5800E-2  1.2276E-1  1.7568E-1  1.2216E-1 
 8.9058E-2  8.4861E-2  3.1979E-2  2.6097E-2  5.0244E-2  1.9042E-2 
 1.1497E-2  1.6024E-2  1.7639E-2  3.9452E-2  3.7847E-2  5.4251E-3 
 8.8160E-3  1.2118E-3  1.0579E-3  3.3122E-3  4.5150E-3  4.1489E-3 
 3.2799E-3  2.4481E-3  1.0713E-3  5.0381E-4  1.2101E-4  
;DATA BSTSYM         
 0.6749  0.6943  0.6991  0.6846  0.6572  0.5861  0.4965  0.4164   
 0.3772  0.3385  0.3069  0.2599  0.2234  0.2028  0.1554  0.1291   
 0.1057  0.0962  0.0909  0.0802  0.0595  0.0458  0.0413  0.0479   
 0.0483  0.0451  0.0504  0.0379  0.0346  0.0365  0.0273  0.0180   
 0.0174  0.0144  0.0151  0.0141  0.0094  0.0075  0.0049  0.0031   
 0.0020  0.0014  0.0008  0.0005  0.0002  0.0001  0.0001 
;DATA AVOEXT         
 1.14880  1.19171  1.18013  1.00000   .84873   .53019   .27968    
  .14551   .11070   .08633   .07184   .06076   .04506   .03399    
  .02095   .01538   .01266   .01019   .00994   .01044   .01361    
  .01791   .02278   .02918   .03108   .03234   .03456   .03184    
  .02772   .02475   .01715   .01563   .01665   .01646   .01734    
  .01772   .01076   .01051   .01133   .01329    
  .01492   .01277   .00766   .00562   .00318   .00231  0.0       
;DATA AVOABS         
  .44816   .11259   .08500   .05272   .04082   .02449   .01487    
  .01019   .00867   .00842   .00842   .00949   .00741   .00487    
  .00316   .00335   .00399   .00449   .00525   .00665   .01114    
  .01652   .02177   .02437   .02506   .02658   .03006   .02861    
  .02513   .02285   .01620   .01532   .01633   .01620   .01709    
  .01741   .01057   .01038   .01127   .01329    
  .01492   .01277   .00766   .00562   .00318   .00231  0.0       
;DATA AVOSYM         
  .8272    .7148    .7076    .6978    .6886    .6559    .6062     
  .5561    .5255    .4958    .4729    .4401    .4015    .3699     
  .3125    .2773    .2472    .2173    .2054    .1908    .1623     
  .1348    .1233    .1615    .1757    .1712    .1521    .1326     
  .1230    .1081    .0801    .0528    .0514    .0461    .0446     
  .0449    .0415    .0330    .0198    .0097    .0044    .0032     
  .0020    .0013    .0006    .0004    .0000    
;DATA FVOEXT         
  .88715   .92532   .94013  1.00000  1.03013  1.05975  1.01171    
  .88677   .82538   .76361   .71563   .67424   .60589   .55057    
  .45222   .37646   .32316   .25519   .22728   .20525   .17810    
  .14481   .14152   .37639   .44551   .44405   .42222   .36462    
  .32551   .27519   .16728   .10627   .10861   .10886   .11665    
  .13127   .10108   .08557   .06411   .05741    
  .05531   .04707   .02792   .02028   .01136   .00820  0.0       
;DATA FVOABS         
  .41582   .22892   .19108   .14468   .12475   .09158   .06601    
  .04943   .04367   .04342   .04399   .05076   .04133   .02829    
  .01924   .01981   .02297   .02475   .02778   .03411   .05335    
  .07133   .08816   .15342   .18506   .19354   .20791   .18449    
  .16101   .13759   .08456   .06886   .07278   .07367   .07956    
  .08785   .06032   .05747   .05133   .05323    
  .05453   .04657   .02773   .02020   .01135   .00820  0.0       
;DATA FVOSYM         
  .9295    .8115    .7897    .7473    .7314    .7132    .7113     
  .7238    .7199    .7165    .7134    .6989    .6840    .6687     
  .6409    .6325    .6199    .6148    .6142    .6072    .5853     
  .5632    .5486    .4753    .4398    .4329    .4091    .4105     
  .4120    .4136    .4140    .3637    .3577    .3344    .3220     
  .3052    .2957    .2564    .2055    .1229    .0632    .0483     
  .0321    .0216    .0103    .0059    .0000    
;DATA DMEEXT         
 1.05019  1.05880  1.05259  1.00000   .94949   .81456   .66051    
  .54380   .49133   .44677   .41671   .38063   .34778   .32804    
  .29722   .27506   .25082   .22620   .21652   .20253   .17266    
  .14905   .14234   .14082   .15057   .16399   .23608   .24481    
  .27791   .25076   .15272   .09601   .09456   .14576   .12373    
  .18348   .12190   .12924   .08538   .04108    
  .04714   .04069   .02480   .01789   .00980   .00693  0.0       
;DATA DMEABS         
  .00063   .00152   .00184   .00506   .00791   .01829   .03728    
  .06158   .07538   .08943   .10051   .11614   .13310   .14348    
  .14633   .13728   .12462   .11184   .10709   .10076   .09006    
  .08734   .09000   .10304   .11905   .13437   .19551   .20095    
  .22494   .18418   .09285   .06665   .06823   .12329   .10551    
  .16184   .09835   .10582   .06759   .03247    
  .04405   .03816   .02327   .01696   .00946   .00677  0.0       
;DATA DMESYM         
  .7173    .7039    .7020    .6908    .6872    .6848    .6891     
  .6989    .7046    .7099    .7133    .7159    .7134    .7058     
  .6827    .6687    .6583    .6513    .6494    .6475    .6467     
  .6496    .6506    .6461    .6334    .6177    .5327    .5065     
  .4632    .4518    .5121    .5450    .5467    .4712    .4853     
  .3984    .4070    .3319    .3427    .3766    .3288    .2969     
  .2808    .2661    .2409    .2098    .0000    
;DATA CCUEXT         
  .98081   .98746   .98915  1.00000  1.00650  1.02230  1.04180    
 1.05830  1.06780  1.07870  1.09780  1.06440  1.09750  1.11300    
 1.14320  1.16660  1.20540  1.15420  1.17610  1.21910  1.26990    
 1.30300  1.31090  1.31060  1.29940  1.28640  1.16620   .98693    
  .88130   .83429   .92012  1.07340  1.08150  1.12680  1.14770    
 1.17600  1.19210  1.19120  1.14510   .97814   .96308   .94390    
  .75994   .56647   .26801   .15748  0.00000   
;DATA CCUABS         
  .00007   .00001   .00000   .00000   .00001   .00059   .00956    
  .07224   .02502   .08913   .41512   .51824   .41304   .12614    
  .29826   .26739   .23672   .55428   .55642   .44494   .38433    
  .37277   .37000   .36872   .36896   .36984   .37868   .40498    
  .44993   .48941   .54799   .60964   .61302   .63227   .64074    
  .65112   .65367   .64760   .61924   .59000   .61601   .61058    
  .49236   .38532   .20641   .13474  0.00000   
;DATA CCUSYM         
  .8557    .8676    .8680    .8658    .8630    .8557    .8496     
  .8566    .8464    .8627    .9417    .9458    .8891    .8136     
  .8503    .8400    .8453    .9428    .9168    .8759    .8733     
  .8841    .8894    .8986    .9044    .9082    .9239    .9342     
  .9367    .9331    .9119    .8719    .8692    .8515    .8424     
  .8287    .8059    .7742    .7354    .6554    .5557    .4720     
  .3713    .2990    .1846    .1156    .0000    
;DATA CALEXT         
  .97331   .98106   .98472  1.00000  1.00850  1.03090  1.05770    
 1.08070  1.09390  1.11530  1.20260  1.08250  1.13480  1.16770    
 1.26750  1.33520  1.41110  1.18200  1.28390  1.38040  1.38430    
 1.31200  1.26540  1.17160  1.10410  1.05640   .83383   .66530    
  .61995   .62907   .77190   .96660   .97609  1.02520  1.04380    
 1.06270  1.02550   .95714   .82508   .63464   .60962   .54998    
  .34165   .22587   .10647   .07067  0.00000   
;DATA CALABS         
  .00004   .00000   .00000   .00000   .00000   .00036   .00607    
  .04771   .01579   .05734   .33199   .54434   .35157   .08528    
  .21785   .18813   .15982   .52068   .52125   .35294   .28359    
  .26999   .26668   .26477   .26484   .26565   .27546   .30540    
  .36011   .41780   .51479   .60420   .60818   .62781   .63339    
  .63544   .60762   .56843   .50067   .44739   .45910   .42486    
  .27527   .19352   .09932   .06832  0.00000   
;DATA CALSYM         
  .8523    .8632    .8623    .8573    .8532    .8422    .8297     
  .8252    .8145    .8317    .9312    .9383    .8291    .7640     
  .8202    .8276    .8547    .9224    .8859    .8621    .8706     
  .8780    .8804    .8833    .8849    .8858    .8889    .8899     
  .8872    .8790    .8513    .7984    .7944    .7683    .7545     
  .7333    .6939    .6405    .5727    .4313    .3156    .2437     
  .1693    .1185    .0574    .0332    .0000    
;DATA CSTEXT         
  .97430   .98324   .98570  1.00000  1.00890  1.03100  1.05590    
 1.08130  1.09760  1.12170  1.16390  1.07880  1.13660  1.16990    
 1.22930  1.26720  1.31080  1.15290  1.23270  1.29770  1.31180    
 1.27830  1.25190  1.19190  1.14390  1.10790   .91743   .74497    
  .68246   .67604   .80234   .98329   .99219  1.03880  1.05710    
 1.07730  1.05460  1.00640   .90146   .71967   .69823   .65179    
  .44906   .30781   .14114   .08913  0.00000   
;DATA CSTABS         
  .00005   .00001   .00000   .00000   .00000   .00042   .00681    
  .05317   .01779   .06484   .35033   .53843   .36321   .09457    
  .23629   .20663   .17789   .52440   .52484   .37331   .30681    
  .29375   .29057   .28880   .28887   .28969   .29913   .32789    
  .37961   .43212   .51866   .60025   .60398   .62285   .62874    
  .63229   .61185   .58151   .52536   .47993   .49571   .47074    
  .33104   .24066   .12346   .08312  0.00000   
;DATA CSTSYM         
  .8519    .8633    .8629    .8590    .8546    .8432    .8328     
  .8330    .8251    .8439    .9332    .9388    .8422    .7823     
  .8288    .8291    .8482    .9255    .8906    .8613    .8675     
  .8772    .8810    .8869    .8905    .8927    .9016    .9069     
  .9060    .8989    .8714    .8204    .8168    .7932    .7811     
  .7628    .7319    .6905    .6401    .5324    .4233    .3459     
  .2636    .2027    .1120    .0663    .0000    
;DATA CSCEXT         
  .96965   .97960   .98266  1.00000  1.01040  1.03530  1.06590    
 1.09980  1.12280  1.16020  1.20330  1.08630  1.16840  1.21860    
 1.28860  1.32310  1.33780  1.11630  1.24450  1.30260  1.26260    
 1.17670  1.12990  1.04180   .98070   .93828   .74401   .59962    
  .56489   .57976   .72193   .90905   .91772   .96075   .97500    
  .98623   .93761   .86388   .73722   .56926   .54699   .49341    
  .31131   .20846   .09872   .06531  0.00000   
;DATA CSCABS         
  .00004   .00000   .00000   .00000   .00000   .00035   .00553    
  .04382   .01430   .05271   .30881   .54982   .32983   .07796    
  .20033   .17269   .14662   .49557   .49304   .32632   .26104    
  .24829   .24525   .24349   .24358   .24437   .25378   .28239    
  .33510   .39227   .49203   .58265   .58638   .60338   .60677    
  .60472   .56954   .52556   .45708   .40717   .41646   .38375    
  .25009   .17726   .09148   .06291  0.00000   
;DATA CSCSYM         
  .8495    .8597    .8594    .8535    .8479    .8349    .8214     
  .8192    .8151    .8395    .9321    .9329    .8156    .7722     
  .8270    .8319    .8533    .9138    .8772    .8562    .8628     
  .8691    .8713    .8742    .8759    .8768    .8805    .8818     
  .8783    .8685    .8362    .7776    .7734    .7458    .7317     
  .7106    .6738    .6250    .5655    .4409    .3338    .2655     
  .1947    .1427    .0727    .0422    .0000    
;DATA CNIEXT         
  .97967   .98623   .98795  1.00000  1.00710  1.02340  1.04300    
 1.06100  1.07130  1.08440  1.10650  1.06540  1.10200  1.12040    
 1.15490  1.17990  1.21730  1.15000  1.18140  1.22610  1.26770    
 1.28840  1.29070  1.28200  1.26650  1.25130  1.12860   .95670    
  .85784   .81564   .90486  1.05950  1.06760  1.11240  1.13250    
 1.15910  1.16960  1.16290  1.11130   .94771   .93251   .91151    
  .73279   .55018   .26554   .15656  0.00000   
;DATA CNIABS         
  .00007   .00001   .00000   .00000   .00001   .00058   .00948    
  .07084   .02436   .08711   .40714   .52024   .40688   .12335    
  .29163   .26107   .23098   .54886   .55047   .43579   .37552    
  .36411   .36140   .36017   .36043   .36132   .37019   .39640    
  .44146   .48184   .54304   .60651   .60988   .62882   .63682    
  .64613   .64572   .63682   .60584   .57559   .60014   .59283    
  .47587   .37364   .20267   .13269  0.00000   
;DATA CNISYM         
  .8550    .8670    .8677    .8645    .8616    .8538    .8474     
  .8534    .8439    .8609    .9411    .9449    .8822    .8101     
  .8486    .8403    .8475    .9405    .9134    .8749    .8732     
  .8833    .8882    .8968    .9025    .9061    .9217    .9322     
  .9346    .9308    .9086    .8669    .8641    .8457    .8364     
  .8222    .7992    .7677    .7298    .6525    .5558    .4752     
  .3796    .3105    .1995    .1287    .0000    
;     EXTINCTION  COEFFICIENTS ;DATA CI64XT         
   9.947E-01   9.968E-01   9.972E-01   1.000E+00   1.002E+00      
   1.005E+00   1.010E+00   1.013E+00   1.016E+00   1.018E+00      
   1.019E+00   1.016E+00   1.023E+00   1.026E+00   1.030E+00      
   1.033E+00   1.036E+00   1.037E+00   1.038E+00   1.040E+00      
   1.043E+00   1.047E+00   1.049E+00   1.051E+00   1.052E+00      
   1.053E+00   1.055E+00   1.032E+00   1.034E+00   1.047E+00      
   1.060E+00   1.074E+00   1.075E+00   1.081E+00   1.085E+00      
   1.090E+00   1.102E+00   1.117E+00   1.131E+00   1.094E+00      
   1.168E+00   1.187E+00   1.244E+00   1.297E+00   1.475E+00      
   1.695E+00   1.556E+00     
;    ABSORPTION  COEFFICIENTS  ;DATA CI64AB         
   7.893E-05   1.914E-05   1.450E-05   5.904E-06   3.905E-05      
   1.917E-03   2.604E-01   3.732E-01   8.623E-02   2.253E-01      
   4.152E-01   4.460E-01   4.660E-01   4.589E-01   4.848E-01      
   4.786E-01   4.915E-01   4.944E-01   4.936E-01   4.947E-01      
   4.978E-01   5.012E-01   5.028E-01   5.070E-01   5.095E-01      
   5.111E-01   5.205E-01   5.126E-01   4.969E-01   4.868E-01      
   4.836E-01   4.982E-01   4.999E-01   5.097E-01   5.126E-01      
   5.188E-01   5.108E-01   4.915E-01   5.559E-01   5.515E-01      
   5.600E-01   5.948E-01   6.225E-01   6.348E-01   5.693E-01      
   3.306E-01   8.661E-02     
;    ASYMMETRY  PARAMETER  -  G         ;DATA CI64G 
   .8626   .8824   .8851   .8893   .8904   .8913   .9332   .9549  
   .9141   .9407   .9763   .9428   .9509   .9580   .9699   .9679  
   .9735   .9737   .9717   .9712   .9712   .9715   .9721   .9744  
   .9756   .9764   .9822   .9849   .9721   .9530   .9341   .9352  
   .9366   .9426   .9425   .9448   .9365   .9256   .9485   .9417  
   .8868   .8983   .8589   .8115   .6810   .5923   .5703         
;     EXTINCTION COEFFICIENTS  ;DATA CIR4XT         
   9.685E-01   9.803E-01   9.826E-01   1.000E+00   1.011E+00      
   1.038E+00   1.066E+00   1.090E+00   1.118E+00   1.201E+00      
   1.374E+00   1.019E+00   1.143E+00   1.198E+00   1.331E+00      
   1.434E+00   1.424E+00   1.283E+00   1.298E+00   1.326E+00      
   1.287E+00   1.230E+00   1.191E+00   1.048E+00   9.634E-01      
   9.093E-01   6.067E-01   5.216E-01   6.953E-01   8.902E-01      
   1.083E+00   1.228E+00   1.214E+00   1.076E+00   1.032E+00      
   8.881E-01   6.275E-01   3.462E-01   2.118E-01   3.955E-01      
   5.089E-01   3.012E-01   1.235E-01   5.377E-02   2.068E-02      
   6.996E-03   1.560E-03     
;     ABSORPTION  COEFFICIENTS ;DATA CIR4AB         
   5.316E-06   1.461E-06   9.045E-07   4.431E-07   2.746E-06      
   1.413E-04   2.920E-02   5.578E-02   6.844E-03   2.151E-02      
   6.322E-02   5.051E-01   4.578E-01   1.360E-01   3.269E-01      
   1.572E-01   2.246E-01   4.176E-01   4.282E-01   3.802E-01      
   3.517E-01   3.037E-01   2.543E-01   2.410E-01   2.432E-01      
   2.438E-01   2.346E-01   3.747E-01   4.839E-01   5.722E-01      
   6.368E-01   5.303E-01   5.085E-01   3.920E-01   3.437E-01      
   2.481E-01   1.175E-01   7.172E-02   1.108E-01   3.459E-01      
   4.044E-01   2.545E-01   9.594E-02   4.410E-02   1.887E-02      
   6.433E-03   1.456E-03     
;   ASYMMETRY  PARAMETER  -  G ;DATA CIR4G 
   .8517   .8654   .8661   .8615   .8574   .8447   .8321   .8248  
   .8227   .8612   .9363   .9231   .8419   .7550   .8481   .8358  
   .8718   .8953   .8884   .8786   .8731   .8660   .8625   .8652  
   .8659   .8658   .8676   .8630   .8434   .8194   .7882   .7366  
   .7339   .7161   .7015   .6821   .6383   .5823   .4845   .2977  
   .2295   .1716   .1228   .0748   .0329   .0186   .0081         
;END         
