1,    channel 1 : SRF digitized from https://doi.org/10.5194/amt-16-3581-2023 (July 2024)
Number of data points:
76
Wavenumber (cm-1)   Filter response
 15604	0.00
15571	0.01
15541	0.01
15510	0.01
15473	0.01
15443	0.02
15412	0.03
15377	0.04
15359	0.06
15339	0.08
15317	0.11
15307	0.12
15292	0.15
15269	0.21
15263	0.23
15245	0.28
15252	0.26
15238	0.30
15227	0.35
15221	0.37
15218	0.38
15198	0.47
15205	0.44
15192	0.50
15184	0.53
15175	0.58
15179	0.56
15158	0.66
15151	0.69
15129	0.79
15134	0.76
15115	0.84
15106	0.87
15094	0.90
15081	0.94
15061	0.97
15037	1.00
15012	1.00
14982	1.00
14953	0.99
14928	0.98
14904	0.97
14880	0.94
14859	0.91
14837	0.86
14827	0.83
14814	0.79
14807	0.77
14792	0.71
14778	0.64
14771	0.61
14768	0.58
14763	0.57
14754	0.50
14755	0.52
14747	0.47
14730	0.39
14726	0.37
14714	0.33
14707	0.29
14686	0.21
14669	0.16
14660	0.15
14643	0.11
14622	0.09
14593	0.05
14567	0.04
14540	0.03
14514	0.02
14488	0.02
14461	0.01
14434	0.01
14404	0.01
14378	0.01
14350	0.01
14320	0.00
