4,    channel 4 : SRF digitized from https://doi.org/10.5194/amt-16-3581-2023 (July 2024)
Number of data points:
59
Wavenumber (cm-1)   Filter response
4663	0.00
4657	0.02
4653	0.05
4648	0.08
4645	0.11
4641	0.14
4638	0.18
4634	0.22
4631	0.27
4628	0.32
4625	0.35
4624	0.39
4621	0.42
4620	0.46
4617	0.50
4615	0.54
4613	0.57
4611	0.61
4609	0.64
4607	0.67
4604	0.70
4601	0.74
4597	0.79
4593	0.82
4588	0.85
4580	0.88
4569	0.89
4558	0.88
4548	0.87
4537	0.85
4527	0.84
4516	0.83
4506	0.82
4495	0.81
4485	0.81
4475	0.79
4464	0.77
4456	0.74
4450	0.72
4446	0.69
4442	0.65
4440	0.64
4437	0.60
4434	0.57
4431	0.53
4428	0.50
4426	0.46
4423	0.43
4421	0.40
4419	0.35
4415	0.32
4413	0.27
4410	0.24
4407	0.20
4404	0.16
4401	0.11
4397	0.07
4395	0.04
4390	0.00
