2,    channel 2 : SRF digitized from https://doi.org/10.5194/amt-16-3581-2023 (July 2024)
Number of data points:
62
Wavenumber (cm-1)   Filter response
11860	0.00
11842	0.01
11826	0.01
11811	0.01
11796	0.02
11780	0.03
11764	0.04
11746	0.06
11732	0.09
11719	0.13
11706	0.19
11693	0.27
11679	0.39
11676	0.43
11670	0.49
11665	0.53
11663	0.56
11659	0.61
11652	0.69
11637	0.84
11634	0.88
11625	0.93
11619	0.97
11610	0.99
11594	1.00
11580	0.99
11564	0.97
11550	0.96
11535	0.95
11521	0.95
11505	0.95
11490	0.95
11476	0.94
11465	0.93
11452	0.90
11441	0.86
11427	0.80
11420	0.75
11414	0.71
11411	0.68
11406	0.64
11400	0.60
11395	0.55
11387	0.50
11374	0.39
11366	0.33
11362	0.30
11357	0.27
11349	0.23
11342	0.19
11335	0.17
11323	0.12
11308	0.09
11295	0.06
11279	0.04
11264	0.03
11250	0.02
11237	0.02
11220	0.01
11205	0.01
11192	0.01
11177	0.00
