      13  # COTs
          99  # layers
Origin: /tcenas/home/pwatts/ctpo2/METimCTP_DELIVERY_2/data/cloudprofiles.hdf
Cloud type: Cirrostratus
    0.0625000 LUT Cot value
 % Extinction:   layer dCOT:    Cumul COT:  Km-below CT: Temp above CT:
      0.260099      0.000163      0.000163      0.000000      0.000000
      0.260819      0.000163      0.000326      0.020408      0.163265
      0.271050      0.000169      0.000495      0.040816      0.326531
      0.311430      0.000195      0.000690      0.061224      0.489796
      0.370571      0.000232      0.000921      0.081633      0.653061
      0.424243      0.000265      0.001186      0.102041      0.816327
      0.476394      0.000298      0.001484      0.122449      0.979592
      0.529971      0.000331      0.001815      0.142857      1.142857
      0.581077      0.000363      0.002179      0.163265      1.306122
      0.625780      0.000391      0.002570      0.183673      1.469388
      0.670431      0.000419      0.002989      0.204082      1.632653
      0.717508      0.000448      0.003437      0.224490      1.795918
      0.759212      0.000475      0.003912      0.244898      1.959184
      0.793293      0.000496      0.004407      0.265306      2.122449
      0.823987      0.000515      0.004922      0.285714      2.285714
      0.854639      0.000534      0.005457      0.306122      2.448980
      0.886138      0.000554      0.006010      0.326531      2.612245
      0.911079      0.000569      0.006580      0.346939      2.775510
      0.931845      0.000582      0.007162      0.367347      2.938776
      0.948861      0.000593      0.007755      0.387755      3.102041
      0.968835      0.000606      0.008361      0.408163      3.265306
      0.992032      0.000620      0.008981      0.428571      3.428571
      1.008659      0.000630      0.009611      0.448980      3.591837
      1.025221      0.000641      0.010252      0.469388      3.755102
      1.035171      0.000647      0.010899      0.489796      3.918367
      1.049585      0.000656      0.011555      0.510204      4.081633
      1.067166      0.000667      0.012222      0.530612      4.244898
      1.078190      0.000674      0.012896      0.551020      4.408163
      1.090103      0.000681      0.013577      0.571429      4.571429
      1.098003      0.000686      0.014263      0.591837      4.734694
      1.106432      0.000692      0.014955      0.612245      4.897959
      1.116283      0.000698      0.015653      0.632653      5.061224
      1.119379      0.000700      0.016352      0.653061      5.224490
      1.126941      0.000704      0.017057      0.673469      5.387755
      1.134248      0.000709      0.017765      0.693878      5.551020
      1.136824      0.000711      0.018476      0.714286      5.714286
      1.142372      0.000714      0.019190      0.734694      5.877551
      1.145480      0.000716      0.019906      0.755102      6.040816
      1.147621      0.000717      0.020623      0.775510      6.204082
      1.148160      0.000718      0.021341      0.795918      6.367347
      1.149353      0.000718      0.022059      0.816327      6.530612
      1.151602      0.000720      0.022779      0.836735      6.693878
      1.152130      0.000720      0.023499      0.857143      6.857143
      1.152116      0.000720      0.024219      0.877551      7.020408
      1.150854      0.000719      0.024938      0.897959      7.183673
      1.149855      0.000719      0.025657      0.918367      7.346939
      1.149272      0.000718      0.026375      0.938776      7.510204
      1.149412      0.000718      0.027094      0.959184      7.673469
      1.146548      0.000717      0.027810      0.979592      7.836735
      1.142334      0.000714      0.028524      1.000000      8.000000
      1.145198      0.000716      0.029240      1.020408      8.163265
      1.145868      0.000716      0.029956      1.040816      8.326531
      1.144391      0.000715      0.030671      1.061224      8.489796
      1.145631      0.000716      0.031387      1.081633      8.653061
      1.145594      0.000716      0.032103      1.102041      8.816327
      1.146357      0.000716      0.032820      1.122449      8.979592
      1.147427      0.000717      0.033537      1.142857      9.142857
      1.149230      0.000718      0.034255      1.163265      9.306122
      1.151707      0.000720      0.034975      1.183673      9.469388
      1.154543      0.000722      0.035697      1.204082      9.632653
      1.156806      0.000723      0.036420      1.224490      9.795918
      1.160329      0.000725      0.037145      1.244898      9.959184
      1.164712      0.000728      0.037873      1.265306     10.122449
      1.168451      0.000730      0.038603      1.285714     10.285714
      1.173687      0.000734      0.039337      1.306122     10.448980
      1.180469      0.000738      0.040074      1.326531     10.612245
      1.185672      0.000741      0.040815      1.346939     10.775510
      1.188552      0.000743      0.041558      1.367347     10.938776
      1.194933      0.000747      0.042305      1.387755     11.102041
      1.202420      0.000752      0.043057      1.408163     11.265306
      1.207965      0.000755      0.043812      1.428571     11.428571
      1.210441      0.000757      0.044568      1.448980     11.591837
      1.211398      0.000757      0.045325      1.469388     11.755102
      1.215921      0.000760      0.046085      1.489796     11.918367
      1.222387      0.000764      0.046849      1.510204     12.081633
      1.222836      0.000764      0.047613      1.530612     12.244898
      1.220352      0.000763      0.048376      1.551020     12.408163
      1.219654      0.000762      0.049138      1.571429     12.571429
      1.216591      0.000760      0.049899      1.591837     12.734694
      1.218233      0.000761      0.050660      1.612245     12.897959
      1.213678      0.000759      0.051419      1.632653     13.061224
      1.198011      0.000749      0.052168      1.653061     13.224490
      1.189010      0.000743      0.052911      1.673469     13.387755
      1.177473      0.000736      0.053647      1.693878     13.551020
      1.158185      0.000724      0.054370      1.714286     13.714286
      1.132449      0.000708      0.055078      1.734694     13.877551
      1.102369      0.000689      0.055767      1.755102     14.040816
      1.077617      0.000674      0.056441      1.775510     14.204082
      1.041506      0.000651      0.057092      1.795918     14.367347
      1.007562      0.000630      0.057721      1.816327     14.530612
      0.967934      0.000605      0.058326      1.836735     14.693878
      0.921094      0.000576      0.058902      1.857143     14.857143
      0.883889      0.000552      0.059454      1.877551     15.020408
      0.850554      0.000532      0.059986      1.897959     15.183673
      0.824678      0.000515      0.060501      1.918367     15.346939
      0.796618      0.000498      0.060999      1.938776     15.510204
      0.788800      0.000493      0.061492      1.959184     15.673469
      0.802321      0.000501      0.061994      1.979592     15.836735
      0.809885      0.000506      0.062500      2.000000     16.000000
     0.125000 LUT Cot value
 % Extinction:   layer dCOT:    Cumul COT:  Km-below CT: Temp above CT:
      0.260099      0.000325      0.000325      0.000000      0.000000
      0.260819      0.000326      0.000651      0.021198      0.169585
      0.271050      0.000339      0.000990      0.042396      0.339170
      0.311430      0.000389      0.001379      0.063594      0.508756
      0.370571      0.000463      0.001842      0.084793      0.678341
      0.424243      0.000530      0.002373      0.105991      0.847926
      0.476394      0.000595      0.002968      0.127189      1.017511
      0.529971      0.000662      0.003631      0.148387      1.187097
      0.581077      0.000726      0.004357      0.169585      1.356682
      0.625780      0.000782      0.005139      0.190783      1.526267
      0.670431      0.000838      0.005977      0.211982      1.695852
      0.717508      0.000897      0.006874      0.233180      1.865438
      0.759212      0.000949      0.007823      0.254378      2.035023
      0.793293      0.000992      0.008815      0.275576      2.204608
      0.823987      0.001030      0.009845      0.296774      2.374193
      0.854639      0.001068      0.010913      0.317972      2.543779
      0.886138      0.001108      0.012021      0.339170      2.713364
      0.911079      0.001139      0.013160      0.360369      2.882949
      0.931845      0.001165      0.014324      0.381567      3.052534
      0.948861      0.001186      0.015511      0.402765      3.222120
      0.968835      0.001211      0.016722      0.423963      3.391705
      0.992032      0.001240      0.017962      0.445161      3.561290
      1.008659      0.001261      0.019222      0.466359      3.730875
      1.025221      0.001282      0.020504      0.487558      3.900461
      1.035171      0.001294      0.021798      0.508756      4.070046
      1.049585      0.001312      0.023110      0.529954      4.239631
      1.067166      0.001334      0.024444      0.551152      4.409216
      1.078190      0.001348      0.025792      0.572350      4.578802
      1.090103      0.001363      0.027154      0.593548      4.748387
      1.098003      0.001373      0.028527      0.614747      4.917972
      1.106432      0.001383      0.029910      0.635945      5.087557
      1.116283      0.001395      0.031305      0.657143      5.257143
      1.119379      0.001399      0.032704      0.678341      5.426728
      1.126941      0.001409      0.034113      0.699539      5.596313
      1.134248      0.001418      0.035531      0.720737      5.765898
      1.136824      0.001421      0.036952      0.741935      5.935484
      1.142372      0.001428      0.038380      0.763134      6.105069
      1.145480      0.001432      0.039812      0.784332      6.274654
      1.147621      0.001435      0.041246      0.805530      6.444239
      1.148160      0.001435      0.042681      0.826728      6.613825
      1.149353      0.001437      0.044118      0.847926      6.783410
      1.151602      0.001440      0.045558      0.869124      6.952995
      1.152130      0.001440      0.046998      0.890323      7.122580
      1.152116      0.001440      0.048438      0.911521      7.292166
      1.150854      0.001439      0.049876      0.932719      7.461751
      1.149855      0.001437      0.051314      0.953917      7.631336
      1.149272      0.001437      0.052750      0.975115      7.800921
      1.149412      0.001437      0.054187      0.996313      7.970507
      1.146548      0.001433      0.055620      1.017511      8.140092
      1.142334      0.001428      0.057048      1.038710      8.309677
      1.145198      0.001431      0.058480      1.059908      8.479262
      1.145868      0.001432      0.059912      1.081106      8.648848
      1.144391      0.001430      0.061343      1.102304      8.818433
      1.145631      0.001432      0.062775      1.123502      8.988018
      1.145594      0.001432      0.064207      1.144700      9.157603
      1.146357      0.001433      0.065640      1.165899      9.327189
      1.147427      0.001434      0.067074      1.187097      9.496774
      1.149230      0.001437      0.068510      1.208295      9.666359
      1.151707      0.001440      0.069950      1.229493      9.835944
      1.154543      0.001443      0.071393      1.250691     10.005530
      1.156806      0.001446      0.072839      1.271889     10.175115
      1.160329      0.001450      0.074290      1.293088     10.344700
      1.164712      0.001456      0.075746      1.314286     10.514285
      1.168451      0.001461      0.077206      1.335484     10.683871
      1.173687      0.001467      0.078673      1.356682     10.853456
      1.180469      0.001476      0.080149      1.377880     11.023041
      1.185672      0.001482      0.081631      1.399078     11.192626
      1.188552      0.001486      0.083117      1.420276     11.362212
      1.194933      0.001494      0.084610      1.441475     11.531797
      1.202420      0.001503      0.086113      1.462673     11.701382
      1.207965      0.001510      0.087623      1.483871     11.870967
      1.210441      0.001513      0.089136      1.505069     12.040553
      1.211398      0.001514      0.090650      1.526267     12.210138
      1.215921      0.001520      0.092170      1.547465     12.379723
      1.222387      0.001528      0.093698      1.568664     12.549308
      1.222836      0.001529      0.095227      1.589862     12.718894
      1.220352      0.001525      0.096752      1.611060     12.888479
      1.219654      0.001525      0.098277      1.632258     13.058064
      1.216591      0.001521      0.099798      1.653456     13.227649
      1.218233      0.001523      0.101320      1.674654     13.397235
      1.213678      0.001517      0.102838      1.695852     13.566820
      1.198011      0.001498      0.104335      1.717051     13.736405
      1.189010      0.001486      0.105821      1.738249     13.905990
      1.177473      0.001472      0.107293      1.759447     14.075576
      1.158185      0.001448      0.108741      1.780645     14.245161
      1.132449      0.001416      0.110156      1.801843     14.414746
      1.102369      0.001378      0.111534      1.823041     14.584331
      1.077617      0.001347      0.112881      1.844240     14.753917
      1.041506      0.001302      0.114183      1.865438     14.923502
      1.007562      0.001259      0.115443      1.886636     15.093087
      0.967934      0.001210      0.116653      1.907834     15.262672
      0.921094      0.001151      0.117804      1.929032     15.432258
      0.883889      0.001105      0.118909      1.950230     15.601843
      0.850554      0.001063      0.119972      1.971429     15.771428
      0.824678      0.001031      0.121003      1.992627     15.941013
      0.796618      0.000996      0.121999      2.013825     16.110599
      0.788800      0.000986      0.122985      2.035023     16.280184
      0.802321      0.001003      0.123988      2.056221     16.449769
      0.809885      0.001012      0.125000      2.077419     16.619354
     0.250000 LUT Cot value
 % Extinction:   layer dCOT:    Cumul COT:  Km-below CT: Temp above CT:
      0.260099      0.000650      0.000650      0.000000      0.000000
      0.260819      0.000652      0.001302      0.022778      0.182225
      0.271050      0.000678      0.001980      0.045556      0.364450
      0.311430      0.000779      0.002758      0.068334      0.546675
      0.370571      0.000926      0.003685      0.091113      0.728901
      0.424243      0.001061      0.004746      0.113891      0.911126
      0.476394      0.001191      0.005937      0.136669      1.093351
      0.529971      0.001325      0.007261      0.159447      1.275576
      0.581077      0.001453      0.008714      0.182225      1.457801
      0.625780      0.001564      0.010279      0.205003      1.640026
      0.670431      0.001676      0.011955      0.227781      1.822251
      0.717508      0.001794      0.013748      0.250560      2.004477
      0.759212      0.001898      0.015646      0.273338      2.186702
      0.793293      0.001983      0.017630      0.296116      2.368927
      0.823987      0.002060      0.019690      0.318894      2.551152
      0.854639      0.002137      0.021826      0.341672      2.733377
      0.886138      0.002215      0.024042      0.364450      2.915602
      0.911079      0.002278      0.026319      0.387228      3.097828
      0.931845      0.002330      0.028649      0.410007      3.280053
      0.948861      0.002372      0.031021      0.432785      3.462278
      0.968835      0.002422      0.033443      0.455563      3.644503
      0.992032      0.002480      0.035923      0.478341      3.826728
      1.008659      0.002522      0.038445      0.501119      4.008953
      1.025221      0.002563      0.041008      0.523897      4.191178
      1.035171      0.002588      0.043596      0.546675      4.373404
      1.049585      0.002624      0.046220      0.569454      4.555629
      1.067166      0.002668      0.048888      0.592232      4.737854
      1.078190      0.002695      0.051583      0.615010      4.920079
      1.090103      0.002725      0.054308      0.637788      5.102304
      1.098003      0.002745      0.057053      0.660566      5.284529
      1.106432      0.002766      0.059820      0.683344      5.466754
      1.116283      0.002791      0.062610      0.706122      5.648980
      1.119379      0.002798      0.065409      0.728901      5.831205
      1.126941      0.002817      0.068226      0.751679      6.013430
      1.134248      0.002836      0.071062      0.774457      6.195655
      1.136824      0.002842      0.073904      0.797235      6.377880
      1.142372      0.002856      0.076760      0.820013      6.560105
      1.145480      0.002864      0.079623      0.842791      6.742331
      1.147621      0.002869      0.082492      0.865569      6.924556
      1.148160      0.002870      0.085363      0.888348      7.106781
      1.149353      0.002873      0.088236      0.911126      7.289006
      1.151602      0.002879      0.091115      0.933904      7.471231
      1.152130      0.002880      0.093996      0.956682      7.653456
      1.152116      0.002880      0.096876      0.979460      7.835681
      1.150854      0.002877      0.099753      1.002238      8.017907
      1.149855      0.002875      0.102628      1.025016      8.200132
      1.149272      0.002873      0.105501      1.047795      8.382357
      1.149412      0.002874      0.108374      1.070573      8.564582
      1.146548      0.002866      0.111241      1.093351      8.746807
      1.142334      0.002856      0.114097      1.116129      8.929032
      1.145198      0.002863      0.116960      1.138907      9.111257
      1.145868      0.002865      0.119824      1.161685      9.293483
      1.144391      0.002861      0.122685      1.184463      9.475708
      1.145631      0.002864      0.125549      1.207242      9.657933
      1.145594      0.002864      0.128413      1.230020      9.840158
      1.146357      0.002866      0.131279      1.252798     10.022383
      1.147427      0.002869      0.134148      1.275576     10.204608
      1.149230      0.002873      0.137021      1.298354     10.386834
      1.151707      0.002879      0.139900      1.321132     10.569059
      1.154543      0.002886      0.142786      1.343910     10.751284
      1.156806      0.002892      0.145678      1.366689     10.933509
      1.160329      0.002901      0.148579      1.389467     11.115734
      1.164712      0.002912      0.151491      1.412245     11.297959
      1.168451      0.002921      0.154412      1.435023     11.480184
      1.173687      0.002934      0.157346      1.457801     11.662410
      1.180469      0.002951      0.160298      1.480579     11.844635
      1.185672      0.002964      0.163262      1.503357     12.026860
      1.188552      0.002971      0.166233      1.526136     12.209085
      1.194933      0.002987      0.169220      1.548914     12.391310
      1.202420      0.003006      0.172226      1.571692     12.573535
      1.207965      0.003020      0.175246      1.594470     12.755760
      1.210441      0.003026      0.178272      1.617248     12.937986
      1.211398      0.003028      0.181301      1.640026     13.120211
      1.215921      0.003040      0.184341      1.662804     13.302436
      1.222387      0.003056      0.187397      1.685583     13.484661
      1.222836      0.003057      0.190454      1.708361     13.666886
      1.220352      0.003051      0.193505      1.731139     13.849111
      1.219654      0.003049      0.196554      1.753917     14.031337
      1.216591      0.003041      0.199595      1.776695     14.213562
      1.218233      0.003046      0.202641      1.799473     14.395787
      1.213678      0.003034      0.205675      1.822251     14.578012
      1.198011      0.002995      0.208670      1.845030     14.760237
      1.189010      0.002973      0.211643      1.867808     14.942462
      1.177473      0.002944      0.214586      1.890586     15.124687
      1.158185      0.002895      0.217482      1.913364     15.306913
      1.132449      0.002831      0.220313      1.936142     15.489138
      1.102369      0.002756      0.223069      1.958920     15.671363
      1.077617      0.002694      0.225763      1.981699     15.853588
      1.041506      0.002604      0.228367      2.004477     16.035813
      1.007562      0.002519      0.230886      2.027255     16.218038
      0.967934      0.002420      0.233305      2.050033     16.400263
      0.921094      0.002303      0.235608      2.072811     16.582489
      0.883889      0.002210      0.237818      2.095589     16.764714
      0.850554      0.002126      0.239944      2.118367     16.946939
      0.824678      0.002062      0.242006      2.141146     17.129164
      0.796618      0.001992      0.243997      2.163924     17.311389
      0.788800      0.001972      0.245969      2.186702     17.493614
      0.802321      0.002006      0.247975      2.209480     17.675840
      0.809885      0.002025      0.250000      2.232258     17.858065
     0.500000 LUT Cot value
 % Extinction:   layer dCOT:    Cumul COT:  Km-below CT: Temp above CT:
      0.260099      0.001300      0.001300      0.000000      0.000000
      0.260819      0.001304      0.002605      0.025938      0.207505
      0.271050      0.001355      0.003960      0.051876      0.415010
      0.311430      0.001557      0.005517      0.077814      0.622515
      0.370571      0.001853      0.007370      0.103752      0.830020
      0.424243      0.002121      0.009491      0.129691      1.037525
      0.476394      0.002382      0.011873      0.155629      1.245030
      0.529971      0.002650      0.014523      0.181567      1.452535
      0.581077      0.002905      0.017428      0.207505      1.660039
      0.625780      0.003129      0.020557      0.233443      1.867544
      0.670431      0.003352      0.023909      0.259381      2.075049
      0.717508      0.003588      0.027497      0.285319      2.282554
      0.759212      0.003796      0.031293      0.311257      2.490059
      0.793293      0.003966      0.035259      0.337196      2.697564
      0.823987      0.004120      0.039379      0.363134      2.905069
      0.854639      0.004273      0.043653      0.389072      3.112574
      0.886138      0.004431      0.048083      0.415010      3.320079
      0.911079      0.004555      0.052639      0.440948      3.527584
      0.931845      0.004659      0.057298      0.466886      3.735089
      0.948861      0.004744      0.062042      0.492824      3.942594
      0.968835      0.004844      0.066886      0.518762      4.150099
      0.992032      0.004960      0.071846      0.544700      4.357604
      1.008659      0.005043      0.076890      0.570639      4.565109
      1.025221      0.005126      0.082016      0.596577      4.772613
      1.035171      0.005176      0.087192      0.622515      4.980118
      1.049585      0.005248      0.092440      0.648453      5.187623
      1.067166      0.005336      0.097775      0.674391      5.395128
      1.078190      0.005391      0.103166      0.700329      5.602633
      1.090103      0.005451      0.108617      0.726267      5.810138
      1.098003      0.005490      0.114107      0.752205      6.017643
      1.106432      0.005532      0.119639      0.778144      6.225148
      1.116283      0.005581      0.125221      0.804082      6.432653
      1.119379      0.005597      0.130817      0.830020      6.640158
      1.126941      0.005635      0.136452      0.855958      6.847663
      1.134248      0.005671      0.142123      0.881896      7.055168
      1.136824      0.005684      0.147807      0.907834      7.262673
      1.142372      0.005712      0.153519      0.933772      7.470178
      1.145480      0.005727      0.159247      0.959710      7.677683
      1.147621      0.005738      0.164985      0.985648      7.885187
      1.148160      0.005741      0.170726      1.011587      8.092692
      1.149353      0.005747      0.176472      1.037525      8.300197
      1.151602      0.005758      0.182230      1.063463      8.507702
      1.152130      0.005761      0.187991      1.089401      8.715207
      1.152116      0.005761      0.193752      1.115339      8.922712
      1.150854      0.005754      0.199506      1.141277      9.130217
      1.149855      0.005749      0.205255      1.167215      9.337722
      1.149272      0.005746      0.211002      1.193153      9.545227
      1.149412      0.005747      0.216749      1.219091      9.752732
      1.146548      0.005733      0.222481      1.245030      9.960237
      1.142334      0.005712      0.228193      1.270968     10.167742
      1.145198      0.005726      0.233919      1.296906     10.375247
      1.145868      0.005729      0.239648      1.322844     10.582752
      1.144391      0.005722      0.245370      1.348782     10.790257
      1.145631      0.005728      0.251098      1.374720     10.997762
      1.145594      0.005728      0.256826      1.400658     11.205266
      1.146357      0.005732      0.262558      1.426596     11.412771
      1.147427      0.005737      0.268295      1.452535     11.620276
      1.149230      0.005746      0.274042      1.478473     11.827781
      1.151707      0.005759      0.279800      1.504411     12.035286
      1.154543      0.005773      0.285573      1.530349     12.242791
      1.156806      0.005784      0.291357      1.556287     12.450296
      1.160329      0.005802      0.297158      1.582225     12.657801
      1.164712      0.005824      0.302982      1.608163     12.865306
      1.168451      0.005842      0.308824      1.634101     13.072811
      1.173687      0.005868      0.314693      1.660039     13.280316
      1.180469      0.005902      0.320595      1.685978     13.487821
      1.185672      0.005928      0.326523      1.711916     13.695326
      1.188552      0.005943      0.332466      1.737854     13.902831
      1.194933      0.005975      0.338441      1.763792     14.110336
      1.202420      0.006012      0.344453      1.789730     14.317840
      1.207965      0.006040      0.350493      1.815668     14.525345
      1.210441      0.006052      0.356545      1.841606     14.732850
      1.211398      0.006057      0.362602      1.867544     14.940355
      1.215921      0.006080      0.368682      1.893483     15.147860
      1.222387      0.006112      0.374793      1.919421     15.355365
      1.222836      0.006114      0.380908      1.945359     15.562870
      1.220352      0.006102      0.387009      1.971297     15.770375
      1.219654      0.006098      0.393108      1.997235     15.977880
      1.216591      0.006083      0.399191      2.023173     16.185385
      1.218233      0.006091      0.405282      2.049111     16.392890
      1.213678      0.006068      0.411350      2.075049     16.600395
      1.198011      0.005990      0.417340      2.100987     16.807900
      1.189010      0.005945      0.423285      2.126926     17.015405
      1.177473      0.005887      0.429173      2.152864     17.222910
      1.158185      0.005791      0.434964      2.178802     17.430414
      1.132449      0.005662      0.440626      2.204740     17.637919
      1.102369      0.005512      0.446138      2.230678     17.845424
      1.077617      0.005388      0.451526      2.256616     18.052929
      1.041506      0.005208      0.456733      2.282554     18.260434
      1.007562      0.005038      0.461771      2.308492     18.467939
      0.967934      0.004840      0.466611      2.334431     18.675444
      0.921094      0.004605      0.471216      2.360369     18.882949
      0.883889      0.004419      0.475636      2.386307     19.090454
      0.850554      0.004253      0.479888      2.412245     19.297959
      0.824678      0.004123      0.484012      2.438183     19.505464
      0.796618      0.003983      0.487995      2.464121     19.712969
      0.788800      0.003944      0.491939      2.490059     19.920474
      0.802321      0.004012      0.495951      2.515997     20.127979
      0.809885      0.004049      0.500000      2.541935     20.335484
      1.00000 LUT Cot value
 % Extinction:   layer dCOT:    Cumul COT:  Km-below CT: Temp above CT:
      0.260099      0.002601      0.002601      0.000000      0.000000
      0.260819      0.002608      0.005209      0.032258      0.258065
      0.271050      0.002710      0.007920      0.064516      0.516129
      0.311430      0.003114      0.011034      0.096774      0.774194
      0.370571      0.003706      0.014740      0.129032      1.032258
      0.424243      0.004242      0.018982      0.161290      1.290323
      0.476394      0.004764      0.023746      0.193548      1.548387
      0.529971      0.005300      0.029046      0.225806      1.806452
      0.581077      0.005811      0.034857      0.258065      2.064516
      0.625780      0.006258      0.041114      0.290323      2.322581
      0.670431      0.006704      0.047819      0.322581      2.580645
      0.717508      0.007175      0.054994      0.354839      2.838710
      0.759212      0.007592      0.062586      0.387097      3.096774
      0.793293      0.007933      0.070519      0.419355      3.354839
      0.823987      0.008240      0.078759      0.451613      3.612903
      0.854639      0.008546      0.087305      0.483871      3.870968
      0.886138      0.008861      0.096166      0.516129      4.129032
      0.911079      0.009111      0.105277      0.548387      4.387097
      0.931845      0.009318      0.114596      0.580645      4.645161
      0.948861      0.009489      0.124084      0.612903      4.903226
      0.968835      0.009688      0.133773      0.645161      5.161290
      0.992032      0.009920      0.143693      0.677419      5.419355
      1.008659      0.010087      0.153780      0.709677      5.677419
      1.025221      0.010252      0.164032      0.741935      5.935484
      1.035171      0.010352      0.174383      0.774194      6.193548
      1.049585      0.010496      0.184879      0.806452      6.451613
      1.067166      0.010672      0.195551      0.838710      6.709677
      1.078190      0.010782      0.206333      0.870968      6.967742
      1.090103      0.010901      0.217234      0.903226      7.225806
      1.098003      0.010980      0.228214      0.935484      7.483871
      1.106432      0.011064      0.239278      0.967742      7.741935
      1.116283      0.011163      0.250441      1.000000      8.000000
      1.119379      0.011194      0.261635      1.032258      8.258064
      1.126941      0.011269      0.272904      1.064516      8.516129
      1.134248      0.011342      0.284247      1.096774      8.774193
      1.136824      0.011368      0.295615      1.129032      9.032258
      1.142372      0.011424      0.307039      1.161290      9.290322
      1.145480      0.011455      0.318494      1.193548      9.548387
      1.147621      0.011476      0.329970      1.225806      9.806451
      1.148160      0.011482      0.341451      1.258064     10.064516
      1.149353      0.011494      0.352945      1.290323     10.322580
      1.151602      0.011516      0.364461      1.322581     10.580645
      1.152130      0.011521      0.375982      1.354839     10.838709
      1.152116      0.011521      0.387503      1.387097     11.096774
      1.150854      0.011509      0.399012      1.419355     11.354838
      1.149855      0.011499      0.410510      1.451613     11.612903
      1.149272      0.011493      0.422003      1.483871     11.870967
      1.149412      0.011494      0.433497      1.516129     12.129032
      1.146548      0.011465      0.444963      1.548387     12.387096
      1.142334      0.011423      0.456386      1.580645     12.645161
      1.145198      0.011452      0.467838      1.612903     12.903225
      1.145868      0.011459      0.479297      1.645161     13.161290
      1.144391      0.011444      0.490741      1.677419     13.419354
      1.145631      0.011456      0.502197      1.709677     13.677419
      1.145594      0.011456      0.513653      1.741935     13.935483
      1.146357      0.011464      0.525116      1.774193     14.193548
      1.147427      0.011474      0.536591      1.806452     14.451612
      1.149230      0.011492      0.548083      1.838710     14.709677
      1.151707      0.011517      0.559600      1.870968     14.967741
      1.154543      0.011545      0.571146      1.903226     15.225806
      1.156806      0.011568      0.582714      1.935484     15.483870
      1.160329      0.011603      0.594317      1.967742     15.741935
      1.164712      0.011647      0.605964      2.000000     15.999999
      1.168451      0.011685      0.617649      2.032258     16.258064
      1.173687      0.011737      0.629385      2.064516     16.516128
      1.180469      0.011805      0.641190      2.096774     16.774193
      1.185672      0.011857      0.653047      2.129032     17.032257
      1.188552      0.011886      0.664932      2.161290     17.290322
      1.194933      0.011949      0.676882      2.193548     17.548386
      1.202420      0.012024      0.688906      2.225806     17.806451
      1.207965      0.012080      0.700986      2.258064     18.064515
      1.210441      0.012104      0.713090      2.290322     18.322580
      1.211398      0.012114      0.725204      2.322581     18.580644
      1.215921      0.012159      0.737363      2.354839     18.838709
      1.222387      0.012224      0.749587      2.387097     19.096773
      1.222836      0.012228      0.761815      2.419355     19.354838
      1.220352      0.012204      0.774019      2.451613     19.612902
      1.219654      0.012197      0.786215      2.483871     19.870967
      1.216591      0.012166      0.798381      2.516129     20.129031
      1.218233      0.012182      0.810564      2.548387     20.387096
      1.213678      0.012137      0.822700      2.580645     20.645160
      1.198011      0.011980      0.834681      2.612903     20.903225
      1.189010      0.011890      0.846571      2.645161     21.161289
      1.177473      0.011775      0.858345      2.677419     21.419354
      1.158185      0.011582      0.869927      2.709677     21.677418
      1.132449      0.011324      0.881252      2.741935     21.935483
      1.102369      0.011024      0.892275      2.774193     22.193547
      1.077617      0.010776      0.903052      2.806451     22.451612
      1.041506      0.010415      0.913467      2.838710     22.709676
      1.007562      0.010076      0.923542      2.870968     22.967741
      0.967934      0.009679      0.933222      2.903226     23.225805
      0.921094      0.009211      0.942433      2.935484     23.483870
      0.883889      0.008839      0.951271      2.967742     23.741934
      0.850554      0.008506      0.959777      3.000000     23.999999
      0.824678      0.008247      0.968024      3.032258     24.258063
      0.796618      0.007966      0.975990      3.064516     24.516128
      0.788800      0.007888      0.983878      3.096774     24.774192
      0.802321      0.008023      0.991901      3.129032     25.032257
      0.809885      0.008099      1.000000      3.161290     25.290321
      2.00000 LUT Cot value
 % Extinction:   layer dCOT:    Cumul COT:  Km-below CT: Temp above CT:
      0.260099      0.005202      0.005202      0.000000      0.000000
      0.260819      0.005216      0.010418      0.044898      0.359184
      0.271050      0.005421      0.015839      0.089796      0.718367
      0.311430      0.006229      0.022068      0.134694      1.077551
      0.370571      0.007411      0.029479      0.179592      1.436735
      0.424243      0.008485      0.037964      0.224490      1.795918
      0.476394      0.009528      0.047492      0.269388      2.155102
      0.529971      0.010599      0.058092      0.314286      2.514286
      0.581077      0.011622      0.069713      0.359184      2.873469
      0.625780      0.012516      0.082229      0.404082      3.232653
      0.670431      0.013409      0.095637      0.448980      3.591837
      0.717508      0.014350      0.109987      0.493878      3.951020
      0.759212      0.015184      0.125172      0.538776      4.310204
      0.793293      0.015866      0.141038      0.583673      4.669388
      0.823987      0.016480      0.157517      0.628571      5.028572
      0.854639      0.017093      0.174610      0.673469      5.387755
      0.886138      0.017723      0.192333      0.718367      5.746939
      0.911079      0.018222      0.210554      0.763265      6.106123
      0.931845      0.018637      0.229191      0.808163      6.465306
      0.948861      0.018977      0.248169      0.853061      6.824490
      0.968835      0.019377      0.267545      0.897959      7.183674
      0.992032      0.019841      0.287386      0.942857      7.542857
      1.008659      0.020173      0.307559      0.987755      7.902041
      1.025221      0.020504      0.328064      1.032653      8.261225
      1.035171      0.020703      0.348767      1.077551      8.620408
      1.049585      0.020992      0.369759      1.122449      8.979592
      1.067166      0.021343      0.391102      1.167347      9.338776
      1.078190      0.021564      0.412666      1.212245      9.697959
      1.090103      0.021802      0.434468      1.257143     10.057143
      1.098003      0.021960      0.456428      1.302041     10.416327
      1.106432      0.022129      0.478557      1.346939     10.775510
      1.116283      0.022326      0.500882      1.391837     11.134694
      1.119379      0.022388      0.523270      1.436735     11.493878
      1.126941      0.022539      0.545809      1.481633     11.853061
      1.134248      0.022685      0.568494      1.526531     12.212245
      1.136824      0.022736      0.591230      1.571429     12.571429
      1.142372      0.022847      0.614077      1.616327     12.930613
      1.145480      0.022910      0.636987      1.661225     13.289796
      1.147621      0.022952      0.659940      1.706122     13.648980
      1.148160      0.022963      0.682903      1.751020     14.008164
      1.149353      0.022987      0.705890      1.795918     14.367347
      1.151602      0.023032      0.728922      1.840816     14.726531
      1.152130      0.023043      0.751964      1.885714     15.085715
      1.152116      0.023042      0.775007      1.930612     15.444898
      1.150854      0.023017      0.798024      1.975510     15.804082
      1.149855      0.022997      0.821021      2.020408     16.163266
      1.149272      0.022985      0.844006      2.065306     16.522449
      1.149412      0.022988      0.866995      2.110204     16.881633
      1.146548      0.022931      0.889926      2.155102     17.240817
      1.142334      0.022847      0.912772      2.200000     17.600000
      1.145198      0.022904      0.935676      2.244898     17.959184
      1.145868      0.022917      0.958594      2.289796     18.318368
      1.144391      0.022888      0.981481      2.334694     18.677551
      1.145631      0.022913      1.004394      2.379592     19.036735
      1.145594      0.022912      1.027306      2.424490     19.395919
      1.146357      0.022927      1.050233      2.469388     19.755102
      1.147427      0.022949      1.073182      2.514286     20.114286
      1.149230      0.022985      1.096166      2.559184     20.473470
      1.151707      0.023034      1.119200      2.604082     20.832654
      1.154543      0.023091      1.142291      2.648980     21.191837
      1.156806      0.023136      1.165427      2.693878     21.551021
      1.160329      0.023207      1.188634      2.738776     21.910205
      1.164712      0.023294      1.211928      2.783674     22.269388
      1.168451      0.023369      1.235297      2.828571     22.628572
      1.173687      0.023474      1.258771      2.873469     22.987756
      1.180469      0.023609      1.282380      2.918367     23.346939
      1.185672      0.023713      1.306094      2.963265     23.706123
      1.188552      0.023771      1.329865      3.008163     24.065307
      1.194933      0.023899      1.353764      3.053061     24.424490
      1.202420      0.024048      1.377812      3.097959     24.783674
      1.207965      0.024159      1.401971      3.142857     25.142858
      1.210441      0.024209      1.426180      3.187755     25.502041
      1.211398      0.024228      1.450408      3.232653     25.861225
      1.215921      0.024318      1.474726      3.277551     26.220409
      1.222387      0.024448      1.499174      3.322449     26.579592
      1.222836      0.024457      1.523631      3.367347     26.938776
      1.220352      0.024407      1.548038      3.412245     27.297960
      1.219654      0.024393      1.572431      3.457143     27.657143
      1.216591      0.024332      1.596763      3.502041     28.016327
      1.218233      0.024365      1.621128      3.546939     28.375511
      1.213678      0.024274      1.645401      3.591837     28.734695
      1.198011      0.023960      1.669361      3.636735     29.093878
      1.189010      0.023780      1.693142      3.681633     29.453062
      1.177473      0.023549      1.716691      3.726531     29.812246
      1.158185      0.023164      1.739855      3.771429     30.171429
      1.132449      0.022649      1.762504      3.816327     30.530613
      1.102369      0.022047      1.784551      3.861225     30.889797
      1.077617      0.021552      1.806103      3.906123     31.248980
      1.041506      0.020830      1.826934      3.951020     31.608164
      1.007562      0.020151      1.847085      3.995918     31.967348
      0.967934      0.019359      1.866443      4.040816     32.326531
      0.921094      0.018422      1.884865      4.085714     32.685715
      0.883889      0.017678      1.902543      4.130612     33.044899
      0.850554      0.017011      1.919554      4.175510     33.404082
      0.824678      0.016494      1.936048      4.220408     33.763266
      0.796618      0.015932      1.951980      4.265306     34.122450
      0.788800      0.015776      1.967756      4.310204     34.481633
      0.802321      0.016046      1.983803      4.355102     34.840817
      0.809885      0.016198      2.000000      4.400000     35.200001
      4.00000 LUT Cot value
 % Extinction:   layer dCOT:    Cumul COT:  Km-below CT: Temp above CT:
      0.260099      0.010404      0.010404      0.000000      0.000000
      0.260819      0.010433      0.020837      0.053061      0.424490
      0.271050      0.010842      0.031679      0.106122      0.848980
      0.311430      0.012457      0.044136      0.159184      1.273469
      0.370571      0.014823      0.058959      0.212245      1.697959
      0.424243      0.016970      0.075928      0.265306      2.122449
      0.476394      0.019056      0.094984      0.318367      2.546939
      0.529971      0.021199      0.116183      0.371429      2.971428
      0.581077      0.023243      0.139426      0.424490      3.395918
      0.625780      0.025031      0.164457      0.477551      3.820408
      0.670431      0.026817      0.191275      0.530612      4.244898
      0.717508      0.028700      0.219975      0.583673      4.669388
      0.759212      0.030368      0.250343      0.636735      5.093877
      0.793293      0.031732      0.282075      0.689796      5.518367
      0.823987      0.032959      0.315035      0.742857      5.942857
      0.854639      0.034186      0.349220      0.795918      6.367347
      0.886138      0.035446      0.384666      0.848980      6.791836
      0.911079      0.036443      0.421109      0.902041      7.216326
      0.931845      0.037274      0.458383      0.955102      7.640816
      0.948861      0.037954      0.496337      1.008163      8.065306
      0.968835      0.038753      0.535090      1.061224      8.489796
      0.992032      0.039681      0.574772      1.114286      8.914285
      1.008659      0.040346      0.615118      1.167347      9.338775
      1.025221      0.041009      0.656127      1.220408      9.763265
      1.035171      0.041407      0.697534      1.273469     10.187755
      1.049585      0.041983      0.739517      1.326531     10.612245
      1.067166      0.042687      0.782204      1.379592     11.036734
      1.078190      0.043128      0.825331      1.432653     11.461224
      1.090103      0.043604      0.868936      1.485714     11.885714
      1.098003      0.043920      0.912856      1.538775     12.310204
      1.106432      0.044257      0.957113      1.591837     12.734693
      1.116283      0.044651      1.001764      1.644898     13.159183
      1.119379      0.044775      1.046539      1.697959     13.583673
      1.126941      0.045078      1.091617      1.751020     14.008163
      1.134248      0.045370      1.136987      1.804082     14.432653
      1.136824      0.045473      1.182460      1.857143     14.857142
      1.142372      0.045695      1.228155      1.910204     15.281632
      1.145480      0.045819      1.273974      1.963265     15.706122
      1.147621      0.045905      1.319879      2.016326     16.130612
      1.148160      0.045926      1.365805      2.069388     16.555101
      1.149353      0.045974      1.411779      2.122449     16.979591
      1.151602      0.046064      1.457843      2.175510     17.404081
      1.152130      0.046085      1.503929      2.228571     17.828571
      1.152116      0.046085      1.550013      2.281633     18.253061
      1.150854      0.046034      1.596047      2.334694     18.677550
      1.149855      0.045994      1.642042      2.387755     19.102040
      1.149272      0.045971      1.688013      2.440816     19.526530
      1.149412      0.045976      1.733989      2.493877     19.951020
      1.146548      0.045862      1.779851      2.546939     20.375509
      1.142334      0.045693      1.825544      2.600000     20.799999
      1.145198      0.045808      1.871352      2.653061     21.224489
      1.145868      0.045835      1.917187      2.706122     21.648979
      1.144391      0.045776      1.962963      2.759184     22.073469
      1.145631      0.045825      2.008788      2.812245     22.497958
      1.145594      0.045824      2.054612      2.865306     22.922448
      1.146357      0.045854      2.100466      2.918367     23.346938
      1.147427      0.045897      2.146363      2.971428     23.771428
      1.149230      0.045969      2.192332      3.024490     24.195917
      1.151707      0.046068      2.238400      3.077551     24.620407
      1.154543      0.046182      2.284582      3.130612     25.044897
      1.156806      0.046272      2.330854      3.183673     25.469387
      1.160329      0.046413      2.377268      3.236735     25.893877
      1.164712      0.046588      2.423856      3.289796     26.318366
      1.168451      0.046738      2.470594      3.342857     26.742856
      1.173687      0.046947      2.517542      3.395918     27.167346
      1.180469      0.047219      2.564760      3.448979     27.591836
      1.185672      0.047427      2.612187      3.502041     28.016326
      1.188552      0.047542      2.659729      3.555102     28.440815
      1.194933      0.047797      2.707527      3.608163     28.865305
      1.202420      0.048097      2.755623      3.661224     29.289795
      1.207965      0.048319      2.803942      3.714286     29.714285
      1.210441      0.048418      2.852360      3.767347     30.138774
      1.211398      0.048456      2.900816      3.820408     30.563264
      1.215921      0.048637      2.949452      3.873469     30.987754
      1.222387      0.048895      2.998348      3.926530     31.412244
      1.222836      0.048913      3.047261      3.979592     31.836734
      1.220352      0.048814      3.096075      4.032653     32.261223
      1.219654      0.048786      3.144862      4.085714     32.685713
      1.216591      0.048664      3.193525      4.138775     33.110203
      1.218233      0.048729      3.242255      4.191837     33.534693
      1.213678      0.048547      3.290802      4.244898     33.959182
      1.198011      0.047920      3.338722      4.297959     34.383672
      1.189010      0.047560      3.386282      4.351020     34.808162
      1.177473      0.047099      3.433381      4.404081     35.232652
      1.158185      0.046327      3.479709      4.457143     35.657142
      1.132449      0.045298      3.525007      4.510204     36.081631
      1.102369      0.044095      3.569101      4.563265     36.506121
      1.077617      0.043105      3.612206      4.616326     36.930611
      1.041506      0.041660      3.653866      4.669388     37.355101
      1.007562      0.040302      3.694169      4.722449     37.779590
      0.967934      0.038717      3.732886      4.775510     38.204080
      0.921094      0.036844      3.769730      4.828571     38.628570
      0.883889      0.035356      3.805086      4.881632     39.053060
      0.850554      0.034022      3.839108      4.934694     39.477550
      0.824678      0.032987      3.872095      4.987755     39.902039
      0.796618      0.031865      3.903960      5.040816     40.326529
      0.788800      0.031552      3.935512      5.093877     40.751019
      0.802321      0.032093      3.967604      5.146939     41.175509
      0.809885      0.032395      4.000000      5.200000     41.599998
      8.00000 LUT Cot value
 % Extinction:   layer dCOT:    Cumul COT:  Km-below CT: Temp above CT:
      0.260099      0.020808      0.020808      0.000000      0.000000
      0.260819      0.020866      0.041673      0.071429      0.571429
      0.271050      0.021684      0.063357      0.142857      1.142857
      0.311430      0.024914      0.088272      0.214286      1.714286
      0.370571      0.029646      0.117917      0.285714      2.285715
      0.424243      0.033939      0.151857      0.357143      2.857143
      0.476394      0.038112      0.189968      0.428571      3.428572
      0.529971      0.042398      0.232366      0.500000      4.000001
      0.581077      0.046486      0.278852      0.571429      4.571429
      0.625780      0.050062      0.328915      0.642857      5.142858
      0.670431      0.053635      0.382549      0.714286      5.714286
      0.717508      0.057401      0.439950      0.785714      6.285715
      0.759212      0.060737      0.500687      0.857143      6.857144
      0.793293      0.063463      0.564150      0.928572      7.428572
      0.823987      0.065919      0.630069      1.000000      8.000001
      0.854639      0.068371      0.698441      1.071429      8.571430
      0.886138      0.070891      0.769332      1.142857      9.142858
      0.911079      0.072886      0.842218      1.214286      9.714287
      0.931845      0.074548      0.916766      1.285714     10.285716
      0.948861      0.075909      0.992675      1.357143     10.857144
      0.968835      0.077507      1.070181      1.428572     11.428573
      0.992032      0.079363      1.149544      1.500000     12.000002
      1.008659      0.080693      1.230237      1.571429     12.571430
      1.025221      0.082018      1.312254      1.642857     13.142859
      1.035171      0.082814      1.395068      1.714286     13.714288
      1.049585      0.083967      1.479035      1.785715     14.285716
      1.067166      0.085373      1.564408      1.857143     14.857145
      1.078190      0.086255      1.650663      1.928572     15.428574
      1.090103      0.087208      1.737872      2.000000     16.000002
      1.098003      0.087840      1.825712      2.071429     16.571431
      1.106432      0.088515      1.914227      2.142857     17.142859
      1.116283      0.089303      2.003529      2.214286     17.714288
      1.119379      0.089550      2.093080      2.285715     18.285717
      1.126941      0.090155      2.183235      2.357143     18.857145
      1.134248      0.090740      2.273975      2.428572     19.428574
      1.136824      0.090946      2.364921      2.500000     20.000003
      1.142372      0.091390      2.456311      2.571429     20.571431
      1.145480      0.091638      2.547949      2.642858     21.142860
      1.147621      0.091810      2.639759      2.714286     21.714289
      1.148160      0.091853      2.731612      2.785715     22.285717
      1.149353      0.091948      2.823560      2.857143     22.857146
      1.151602      0.092128      2.915688      2.928572     23.428575
      1.152130      0.092170      3.007859      3.000000     24.000003
      1.152116      0.092169      3.100028      3.071429     24.571432
      1.150854      0.092068      3.192096      3.142858     25.142861
      1.149855      0.091988      3.284085      3.214286     25.714289
      1.149272      0.091942      3.376026      3.285715     26.285718
      1.149412      0.091953      3.467979      3.357143     26.857147
      1.146548      0.091724      3.559703      3.428572     27.428575
      1.142334      0.091387      3.651090      3.500000     28.000004
      1.145198      0.091616      3.742706      3.571429     28.571432
      1.145868      0.091669      3.834375      3.642858     29.142861
      1.144391      0.091551      3.925927      3.714286     29.714290
      1.145631      0.091651      4.017577      3.785715     30.285718
      1.145594      0.091648      4.109225      3.857143     30.857147
      1.146357      0.091709      4.200933      3.928572     31.428576
      1.147427      0.091794      4.292728      4.000001     32.000004
      1.149230      0.091938      4.384666      4.071429     32.571433
      1.151707      0.092137      4.476803      4.142858     33.142862
      1.154543      0.092363      4.569166      4.214286     33.714290
      1.156806      0.092545      4.661711      4.285715     34.285719
      1.160329      0.092826      4.754537      4.357143     34.857148
      1.164712      0.093177      4.847714      4.428572     35.428576
      1.168451      0.093476      4.941190      4.500001     36.000005
      1.173687      0.093895      5.035085      4.571429     36.571434
      1.180469      0.094438      5.129523      4.642858     37.142862
      1.185672      0.094854      5.224377      4.714286     37.714291
      1.188552      0.095084      5.319461      4.785715     38.285720
      1.194933      0.095595      5.415056      4.857144     38.857148
      1.202420      0.096194      5.511249      4.928572     39.428577
      1.207965      0.096637      5.607886      5.000001     40.000005
      1.210441      0.096835      5.704722      5.071429     40.571434
      1.211398      0.096912      5.801634      5.142858     41.142863
      1.215921      0.097274      5.898907      5.214286     41.714291
      1.222387      0.097791      5.996698      5.285715     42.285720
      1.222836      0.097827      6.094525      5.357144     42.857149
      1.220352      0.097628      6.192153      5.428572     43.428577
      1.219654      0.097572      6.289726      5.500001     44.000006
      1.216591      0.097327      6.387053      5.571429     44.571435
      1.218233      0.097459      6.484512      5.642858     45.142863
      1.213678      0.097094      6.581606      5.714286     45.714292
      1.198011      0.095841      6.677447      5.785715     46.285721
      1.189010      0.095121      6.772568      5.857144     46.857149
      1.177473      0.094198      6.866766      5.928572     47.428578
      1.158185      0.092655      6.959420      6.000001     48.000007
      1.132449      0.090596      7.050016      6.071429     48.571435
      1.102369      0.088190      7.138206      6.142858     49.142864
      1.077617      0.086209      7.224415      6.214287     49.714292
      1.041506      0.083320      7.307736      6.285715     50.285721
      1.007562      0.080605      7.388341      6.357144     50.857150
      0.967934      0.077435      7.465776      6.428572     51.428578
      0.921094      0.073688      7.539463      6.500001     52.000007
      0.883889      0.070711      7.610174      6.571429     52.571436
      0.850554      0.068044      7.678219      6.642858     53.142864
      0.824678      0.065974      7.744193      6.714287     53.714293
      0.796618      0.063729      7.807922      6.785715     54.285722
      0.788800      0.063104      7.871026      6.857144     54.857150
      0.802321      0.064186      7.935212      6.928572     55.428579
      0.809885      0.064791      8.000003      7.000001     56.000008
      16.0000 LUT Cot value
 % Extinction:   layer dCOT:    Cumul COT:  Km-below CT: Temp above CT:
      0.260099      0.041616      0.041616      0.000000      0.000000
      0.260819      0.041731      0.083347      0.099184      0.793469
      0.271050      0.043368      0.126715      0.198367      1.586939
      0.311430      0.049829      0.176544      0.297551      2.380408
      0.370571      0.059291      0.235835      0.396735      3.173878
      0.424243      0.067879      0.303714      0.495918      3.967347
      0.476394      0.076223      0.379937      0.595102      4.760816
      0.529971      0.084795      0.464732      0.694286      5.554286
      0.581077      0.092972      0.557705      0.793469      6.347755
      0.625780      0.100125      0.657829      0.892653      7.141225
      0.670431      0.107269      0.765098      0.991837      7.934694
      0.717508      0.114801      0.879900      1.091020      8.728164
      0.759212      0.121474      1.001374      1.190204      9.521633
      0.793293      0.126927      1.128301      1.289388     10.315102
      0.823987      0.131838      1.260139      1.388571     11.108572
      0.854639      0.136742      1.396881      1.487755     11.902041
      0.886138      0.141782      1.538663      1.586939     12.695511
      0.911079      0.145773      1.684436      1.686122     13.488980
      0.931845      0.149095      1.833531      1.785306     14.282449
      0.948861      0.151818      1.985349      1.884490     15.075919
      0.968835      0.155014      2.140362      1.983674     15.869388
      0.992032      0.158725      2.299087      2.082857     16.662858
      1.008659      0.161385      2.460473      2.182041     17.456327
      1.025221      0.164035      2.624508      2.281225     18.249796
      1.035171      0.165627      2.790136      2.380408     19.043266
      1.049585      0.167934      2.958069      2.479592     19.836735
      1.067166      0.170747      3.128816      2.578776     20.630205
      1.078190      0.172510      3.301326      2.677959     21.423674
      1.090103      0.174417      3.475743      2.777143     22.217143
      1.098003      0.175681      3.651423      2.876327     23.010613
      1.106432      0.177029      3.828452      2.975510     23.804082
      1.116283      0.178605      4.007058      3.074694     24.597552
      1.119379      0.179101      4.186158      3.173878     25.391021
      1.126941      0.180311      4.366469      3.273061     26.184491
      1.134248      0.181480      4.547949      3.372245     26.977960
      1.136824      0.181892      4.729840      3.471429     27.771429
      1.142372      0.182780      4.912620      3.570612     28.564899
      1.145480      0.183277      5.095897      3.669796     29.358368
      1.147621      0.183619      5.279516      3.768980     30.151838
      1.148160      0.183706      5.463222      3.868163     30.945307
      1.149353      0.183897      5.647118      3.967347     31.738776
      1.151602      0.184256      5.831375      4.066531     32.532246
      1.152130      0.184341      6.015716      4.165714     33.325715
      1.152116      0.184339      6.200054      4.264898     34.119185
      1.150854      0.184137      6.384191      4.364082     34.912654
      1.149855      0.183977      6.568168      4.463265     35.706123
      1.149272      0.183884      6.752051      4.562449     36.499593
      1.149412      0.183906      6.935957      4.661633     37.293062
      1.146548      0.183448      7.119405      4.760816     38.086532
      1.142334      0.182774      7.302178      4.860000     38.880001
      1.145198      0.183232      7.485410      4.959184     39.673470
      1.145868      0.183339      7.668749      5.058367     40.466940
      1.144391      0.183103      7.851852      5.157551     41.260409
      1.145631      0.183301      8.035153      5.256735     42.053879
      1.145594      0.183295      8.218448      5.355919     42.847348
      1.146357      0.183417      8.401865      5.455102     43.640818
      1.147427      0.183588      8.585453      5.554286     44.434287
      1.149230      0.183877      8.769330      5.653470     45.227756
      1.151707      0.184273      8.953603      5.752653     46.021226
      1.154543      0.184727      9.138330      5.851837     46.814695
      1.156806      0.185089      9.323419      5.951021     47.608165
      1.160329      0.185653      9.509072      6.050204     48.401634
      1.164712      0.186354      9.695426      6.149388     49.195103
      1.168451      0.186952      9.882378      6.248572     49.988573
      1.173687      0.187790     10.070168      6.347755     50.782042
      1.180469      0.188875     10.259043      6.446939     51.575512
      1.185672      0.189708     10.448751      6.546123     52.368981
      1.188552      0.190168     10.638919      6.645306     53.162450
      1.194933      0.191189     10.830108      6.744490     53.955920
      1.202420      0.192387     11.022496      6.843674     54.749389
      1.207965      0.193274     11.215770      6.942857     55.542859
      1.210441      0.193671     11.409441      7.042041     56.336328
      1.211398      0.193824     11.603264      7.141225     57.129797
      1.215921      0.194547     11.797812      7.240408     57.923267
      1.222387      0.195582     11.993394      7.339592     58.716736
      1.222836      0.195654     12.189048      7.438776     59.510206
      1.220352      0.195256     12.384304      7.537959     60.303675
      1.219654      0.195145     12.579449      7.637143     61.097145
      1.216591      0.194655     12.774103      7.736327     61.890614
      1.218233      0.194917     12.969020      7.835510     62.684083
      1.213678      0.194188     13.163209      7.934694     63.477553
      1.198011      0.191682     13.354891      8.033878     64.271022
      1.189010      0.190242     13.545132      8.133061     65.064492
      1.177473      0.188396     13.733528      8.232245     65.857961
      1.158185      0.185310     13.918838      8.331429     66.651430
      1.132449      0.181192     14.100029      8.430612     67.444900
      1.102369      0.176379     14.276408      8.529796     68.238369
      1.077617      0.172419     14.448827      8.628980     69.031839
      1.041506      0.166641     14.615468      8.728164     69.825308
      1.007562      0.161210     14.776678      8.827347     70.618777
      0.967934      0.154869     14.931547      8.926531     71.412247
      0.921094      0.147375     15.078923      9.025715     72.205716
      0.883889      0.141422     15.220345      9.124898     72.999186
      0.850554      0.136089     15.356434      9.224082     73.792655
      0.824678      0.131949     15.488382      9.323266     74.586124
      0.796618      0.127459     15.615841      9.422449     75.379594
      0.788800      0.126208     15.742049      9.521633     76.173063
      0.802321      0.128371     15.870420      9.620817     76.966533
      0.809885      0.129582     16.000002      9.720000     77.760002
      32.0000 LUT Cot value
 % Extinction:   layer dCOT:    Cumul COT:  Km-below CT: Temp above CT:
      0.260099      0.083232      0.083232      0.000000      0.000000
      0.260819      0.083462      0.166694      0.110272      0.882177
      0.271050      0.086736      0.253430      0.220544      1.764354
      0.311430      0.099657      0.353087      0.330816      2.646531
      0.370571      0.118583      0.471670      0.441088      3.528707
      0.424243      0.135758      0.607427      0.551361      4.410884
      0.476394      0.152446      0.759873      0.661633      5.293061
      0.529971      0.169591      0.929464      0.771905      6.175238
      0.581077      0.185945      1.115409      0.882177      7.057415
      0.625780      0.200250      1.315659      0.992449      7.939592
      0.670431      0.214538      1.530197      1.102721      8.821768
      0.717508      0.229603      1.759799      1.212993      9.703945
      0.759212      0.242948      2.002747      1.323265     10.586122
      0.793293      0.253854      2.256601      1.433537     11.468299
      0.823987      0.263676      2.520277      1.543809     12.350476
      0.854639      0.273485      2.793761      1.654082     13.232653
      0.886138      0.283564      3.077326      1.764354     14.114830
      0.911079      0.291545      3.368871      1.874626     14.997006
      0.931845      0.298190      3.667061      1.984898     15.879183
      0.948861      0.303635      3.970697      2.095170     16.761360
      0.968835      0.310027      4.280724      2.205442     17.643537
      0.992032      0.317450      4.598174      2.315714     18.525714
      1.008659      0.322771      4.920945      2.425986     19.407891
      1.025221      0.328071      5.249016      2.536258     20.290067
      1.035171      0.331255      5.580270      2.646531     21.172244
      1.049585      0.335867      5.916137      2.756803     22.054421
      1.067166      0.341493      6.257630      2.867075     22.936598
      1.078190      0.345021      6.602651      2.977347     23.818775
      1.090103      0.348833      6.951484      3.087619     24.700952
      1.098003      0.351361      7.302845      3.197891     25.583129
      1.106432      0.354058      7.656903      3.308163     26.465305
      1.116283      0.357211      8.014114      3.418435     27.347482
      1.119379      0.358201      8.372315      3.528707     28.229659
      1.126941      0.360621      8.732936      3.638979     29.111836
      1.134248      0.362959      9.095895      3.749252     29.994013
      1.136824      0.363784      9.459679      3.859524     30.876190
      1.142372      0.365559      9.825238      3.969796     31.758366
      1.145480      0.366554     10.191792      4.080068     32.640543
      1.147621      0.367239     10.559030      4.190340     33.522720
      1.148160      0.367411     10.926442      4.300612     34.404897
      1.149353      0.367793     11.294235      4.410884     35.287074
      1.151602      0.368513     11.662747      4.521156     36.169251
      1.152130      0.368682     12.031429      4.631428     37.051428
      1.152116      0.368677     12.400106      4.741701     37.933604
      1.150854      0.368273     12.768379      4.851973     38.815781
      1.149855      0.367954     13.136333      4.962245     39.697958
      1.149272      0.367767     13.504100      5.072517     40.580135
      1.149412      0.367812     13.871912      5.182789     41.462312
      1.146548      0.366895     14.238807      5.293061     42.344489
      1.142334      0.365547     14.604354      5.403333     43.226665
      1.145198      0.366463     14.970818      5.513605     44.108842
      1.145868      0.366678     15.337496      5.623877     44.991019
      1.144391      0.366205     15.703701      5.734150     45.873196
      1.145631      0.366602     16.070303      5.844422     46.755373
      1.145594      0.366590     16.436893      5.954694     47.637550
      1.146357      0.366834     16.803727      6.064966     48.519727
      1.147427      0.367176     17.170903      6.175238     49.401903
      1.149230      0.367754     17.538657      6.285510     50.284080
      1.151707      0.368546     17.907203      6.395782     51.166257
      1.154543      0.369454     18.276657      6.506054     52.048434
      1.156806      0.370178     18.646835      6.616326     52.930611
      1.160329      0.371305     19.018140      6.726598     53.812788
      1.164712      0.372708     19.390848      6.836871     54.694965
      1.168451      0.373904     19.764753      6.947143     55.577141
      1.173687      0.375580     20.140333      7.057415     56.459318
      1.180469      0.377750     20.518083      7.167687     57.341495
      1.185672      0.379415     20.897498      7.277959     58.223672
      1.188552      0.380337     21.277834      7.388231     59.105849
      1.194933      0.382379     21.660213      7.498503     59.988026
      1.202420      0.384774     22.044987      7.608775     60.870202
      1.207965      0.386549     22.431536      7.719047     61.752379
      1.210441      0.387341     22.818877      7.829320     62.634556
      1.211398      0.387647     23.206525      7.939592     63.516733
      1.215921      0.389095     23.595619      8.049864     64.398910
      1.222387      0.391164     23.986783      8.160136     65.281087
      1.222836      0.391308     24.378091      8.270408     66.163264
      1.220352      0.390513     24.768603      8.380680     67.045440
      1.219654      0.390289     25.158893      8.490952     67.927617
      1.216591      0.389309     25.548202      8.601224     68.809794
      1.218233      0.389835     25.938036      8.711496     69.691971
      1.213678      0.388377     26.326413      8.821768     70.574148
      1.198011      0.383364     26.709777      8.932041     71.456325
      1.189010      0.380483     27.090260      9.042313     72.338501
      1.177473      0.376791     27.467051      9.152585     73.220678
      1.158185      0.370619     27.837670      9.262857     74.102855
      1.132449      0.362384     28.200054      9.373129     74.985032
      1.102369      0.352758     28.552812      9.483401     75.867209
      1.077617      0.344837     28.897649      9.593673     76.749386
      1.041506      0.333282     29.230931      9.703945     77.631563
      1.007562      0.322420     29.553351      9.814217     78.513739
      0.967934      0.309739     29.863090      9.924490     79.395916
      0.921094      0.294750     30.157840     10.034762     80.278093
      0.883889      0.282845     30.440684     10.145034     81.160270
      0.850554      0.272177     30.712862     10.255306     82.042447
      0.824678      0.263897     30.976759     10.365578     82.924624
      0.796618      0.254918     31.231676     10.475850     83.806800
      0.788800      0.252416     31.484092     10.586122     84.688977
      0.802321      0.256743     31.740835     10.696394     85.571154
      0.809885      0.259163     31.999998     10.806666     86.453331
      64.0000 LUT Cot value
 % Extinction:   layer dCOT:    Cumul COT:  Km-below CT: Temp above CT:
      0.260099      0.166463      0.166463      0.000000      0.000000
      0.260819      0.166924      0.333387      0.111327      0.890612
      0.271050      0.173472      0.506859      0.222653      1.781224
      0.311430      0.199315      0.706174      0.333980      2.671837
      0.370571      0.237165      0.943340      0.445306      3.562449
      0.424243      0.271516      1.214855      0.556633      4.453061
      0.476394      0.304892      1.519748      0.667959      5.343673
      0.529971      0.339182      1.858929      0.779286      6.234286
      0.581077      0.371890      2.230819      0.890612      7.124898
      0.625780      0.400499      2.631318      1.001939      8.015510
      0.670431      0.429076      3.060394      1.113265      8.906122
      0.717508      0.459206      3.519600      1.224592      9.796735
      0.759212      0.485896      4.005496      1.335918     10.687347
      0.793293      0.507708      4.513203      1.447245     11.577959
      0.823987      0.527352      5.040556      1.558571     12.468571
      0.854639      0.546969      5.587525      1.669898     13.359183
      0.886138      0.567129      6.154654      1.781224     14.249796
      0.911079      0.583091      6.737745      1.892551     15.140408
      0.931845      0.596381      7.334126      2.003878     16.031020
      0.948861      0.607271      7.941397      2.115204     16.921632
      0.968835      0.620055      8.561451      2.226531     17.812245
      0.992032      0.634901      9.196352      2.337857     18.702857
      1.008659      0.645542      9.841894      2.449184     19.593469
      1.025221      0.656141     10.498035      2.560510     20.484081
      1.035171      0.662510     11.160545      2.671837     21.374694
      1.049585      0.671734     11.832280      2.783163     22.265306
      1.067166      0.682986     12.515266      2.894490     23.155918
      1.078190      0.690042     13.205308      3.005816     24.046530
      1.090103      0.697666     13.902974      3.117143     24.937143
      1.098003      0.702722     14.605696      3.228469     25.827755
      1.106432      0.708117     15.313813      3.339796     26.718367
      1.116283      0.714421     16.028235      3.451122     27.608979
      1.119379      0.716403     16.744637      3.562449     28.499591
      1.126941      0.721242     17.465879      3.673775     29.390204
      1.134248      0.725919     18.191798      3.785102     30.280816
      1.136824      0.727568     18.919366      3.896429     31.171428
      1.142372      0.731119     19.650485      4.007755     32.062040
      1.145480      0.733107     20.383592      4.119082     32.952653
      1.147621      0.734478     21.118070      4.230408     33.843265
      1.148160      0.734823     21.852892      4.341735     34.733877
      1.149353      0.735586     22.588479      4.453061     35.624489
      1.151602      0.737026     23.325505      4.564388     36.515102
      1.152130      0.737363     24.062868      4.675714     37.405714
      1.152116      0.737355     24.800223      4.787041     38.296326
      1.150854      0.736547     25.536770      4.898367     39.186938
      1.149855      0.735908     26.272677      5.009694     40.077550
      1.149272      0.735534     27.008211      5.121020     40.968163
      1.149412      0.735624     27.743835      5.232347     41.858775
      1.146548      0.733791     28.477627      5.343673     42.749387
      1.142334      0.731094     29.208721      5.455000     43.639999
      1.145198      0.732927     29.941648      5.566326     44.530612
      1.145868      0.733356     30.675004      5.677653     45.421224
      1.144391      0.732411     31.407415      5.788980     46.311836
      1.145631      0.733204     32.140619      5.900306     47.202448
      1.145594      0.733180     32.873799      6.011633     48.093061
      1.146357      0.733669     33.607468      6.122959     48.983673
      1.147427      0.734353     34.341821      6.234286     49.874285
      1.149230      0.735508     35.077329      6.345612     50.764897
      1.151707      0.737093     35.814422      6.456939     51.655509
      1.154543      0.738908     36.553330      6.568265     52.546122
      1.156806      0.740356     37.293686      6.679592     53.436734
      1.160329      0.742611     38.036297      6.790918     54.327346
      1.164712      0.745416     38.781713      6.902245     55.217958
      1.168451      0.747809     39.529522      7.013571     56.108571
      1.173687      0.751160     40.280682      7.124898     56.999183
      1.180469      0.755501     41.036182      7.236224     57.889795
      1.185672      0.758830     41.795013      7.347551     58.780407
      1.188552      0.760674     42.555686      7.458877     59.671020
      1.194933      0.764758     43.320444      7.570204     60.561632
      1.202420      0.769549     44.089993      7.681531     61.452244
      1.207965      0.773098     44.863091      7.792857     62.342856
      1.210441      0.774683     45.637773      7.904184     63.233469
      1.211398      0.775295     46.413069      8.015510     64.124081
      1.215921      0.778190     47.191258      8.126837     65.014693
      1.222387      0.782328     47.973586      8.238163     65.905305
      1.222836      0.782616     48.756202      8.349490     66.795917
      1.220352      0.781026     49.537227      8.460816     67.686530
      1.219654      0.780579     50.317806      8.572143     68.577142
      1.216591      0.778618     51.096424      8.683469     69.467754
      1.218233      0.779669     51.876094      8.794796     70.358366
      1.213678      0.776754     52.652848      8.906122     71.248979
      1.198011      0.766728     53.419575      9.017449     72.139591
      1.189010      0.760967     54.180542      9.128775     73.030203
      1.177473      0.753583     54.934125      9.240102     73.920815
      1.158185      0.741239     55.675364      9.351428     74.811428
      1.132449      0.724768     56.400131      9.462755     75.702040
      1.102369      0.705516     57.105648      9.574081     76.592652
      1.077617      0.689675     57.795322      9.685408     77.483264
      1.041506      0.666564     58.461886      9.796735     78.373876
      1.007562      0.644840     59.106726      9.908061     79.264489
      0.967934      0.619478     59.726204     10.019388     80.155101
      0.921094      0.589501     60.315705     10.130714     81.045713
      0.883889      0.565689     60.881394     10.242041     81.936325
      0.850554      0.544355     61.425749     10.353367     82.826938
      0.824678      0.527794     61.953543     10.464694     83.717550
      0.796618      0.509835     62.463379     10.576020     84.608162
      0.788800      0.504832     62.968211     10.687347     85.498774
      0.802321      0.513485     63.481696     10.798673     86.389387
      0.809885      0.518326     64.000023     10.910000     87.279999
      128.000 LUT Cot value
 % Extinction:   layer dCOT:    Cumul COT:  Km-below CT: Temp above CT:
      0.260099      0.332927      0.332927      0.000000      0.000000
      0.260819      0.333848      0.666775      0.112245      0.897959
      0.271050      0.346944      1.013719      0.224490      1.795918
      0.311430      0.398630      1.412349      0.336735      2.693878
      0.370571      0.474331      1.886680      0.448980      3.591837
      0.424243      0.543031      2.429711      0.561224      4.489796
      0.476394      0.609785      3.039496      0.673469      5.387755
      0.529971      0.678364      3.717859      0.785714      6.285714
      0.581077      0.743779      4.461639      0.897959      7.183673
      0.625780      0.800999      5.262637      1.010204      8.081633
      0.670431      0.858153      6.120790      1.122449      8.979592
      0.717508      0.918411      7.039201      1.234694      9.877551
      0.759212      0.971791      8.010992      1.346939     10.775510
      0.793293      1.015416      9.026408      1.459184     11.673469
      0.823987      1.054704     10.081112      1.571429     12.571429
      0.854639      1.093939     11.175051      1.683673     13.469388
      0.886138      1.134257     12.309309      1.795918     14.367347
      0.911079      1.166182     13.475491      1.908163     15.265306
      0.931845      1.192763     14.668253      2.020408     16.163265
      0.948861      1.214542     15.882796      2.132653     17.061224
      0.968835      1.240109     17.122905      2.244898     17.959184
      0.992032      1.269801     18.392706      2.357143     18.857143
      1.008659      1.291084     19.683791      2.469388     19.755102
      1.025221      1.312283     20.996073      2.581633     20.653061
      1.035171      1.325019     22.321093      2.693878     21.551020
      1.049585      1.343469     23.664562      2.806122     22.448980
      1.067166      1.365973     25.030535      2.918367     23.346939
      1.078190      1.380084     26.410618      3.030612     24.244898
      1.090103      1.395333     27.805951      3.142857     25.142857
      1.098003      1.405445     29.211396      3.255102     26.040816
      1.106432      1.416234     30.627630      3.367347     26.938776
      1.116283      1.428843     32.056473      3.479592     27.836735
      1.119379      1.432805     33.489278      3.591837     28.734694
      1.126941      1.442485     34.931763      3.704082     29.632653
      1.134248      1.451838     36.383601      3.816327     30.530612
      1.136824      1.455135     37.838736      3.928571     31.428571
      1.142372      1.462237     39.300974      4.040816     32.326531
      1.145480      1.466215     40.767189      4.153061     33.224490
      1.147621      1.468956     42.236145      4.265306     34.122449
      1.148160      1.469645     43.705790      4.377551     35.020408
      1.149353      1.471173     45.176963      4.489796     35.918367
      1.151602      1.474052     46.651015      4.602041     36.816327
      1.152130      1.474727     48.125742      4.714286     37.714286
      1.152116      1.474710     49.600451      4.826531     38.612245
      1.150854      1.473094     51.073545      4.938776     39.510204
      1.149855      1.471815     52.545361      5.051020     40.408163
      1.149272      1.471069     54.016429      5.163265     41.306122
      1.149412      1.471248     55.487677      5.275510     42.204082
      1.146548      1.467583     56.955260      5.387755     43.102041
      1.142334      1.462189     58.417449      5.500000     44.000000
      1.145198      1.465854     59.883303      5.612245     44.897959
      1.145868      1.466712     61.350015      5.724490     45.795918
      1.144391      1.464822     62.814837      5.836735     46.693878
      1.145631      1.466409     64.281245      5.948980     47.591837
      1.145594      1.466361     65.747606      6.061224     48.489796
      1.146357      1.467337     67.214944      6.173469     49.387755
      1.147427      1.468707     68.683651      6.285714     50.285714
      1.149230      1.471015     70.154666      6.397959     51.183673
      1.151707      1.474186     71.628852      6.510204     52.081633
      1.154543      1.477816     73.106668      6.622449     52.979592
      1.156806      1.480713     74.587381      6.734694     53.877551
      1.160329      1.485222     76.072602      6.846939     54.775510
      1.164712      1.490833     77.563435      6.959184     55.673469
      1.168451      1.495618     79.059053      7.071429     56.571429
      1.173687      1.502320     80.561373      7.183673     57.469388
      1.180469      1.511001     82.072375      7.295918     58.367347
      1.185672      1.517661     83.590035      7.408163     59.265306
      1.188552      1.521348     85.111383      7.520408     60.163265
      1.194933      1.529516     86.640898      7.632653     61.061224
      1.202420      1.539098     88.179996      7.744898     61.959184
      1.207965      1.546196     89.726192      7.857143     62.857143
      1.210441      1.549365     91.275558      7.969388     63.755102
      1.211398      1.550591     92.826148      8.081633     64.653061
      1.215921      1.556380     94.382528      8.193878     65.551020
      1.222387      1.564656     95.947184      8.306122     66.448980
      1.222836      1.565231     97.512415      8.418367     67.346939
      1.220352      1.562051     99.074467      8.530612     68.244898
      1.219654      1.561158    100.635624      8.642857     69.142857
      1.216591      1.557237    102.192861      8.755102     70.040816
      1.218233      1.559339    103.752200      8.867347     70.938776
      1.213678      1.553508    105.305708      8.979592     71.836735
      1.198011      1.533455    106.839164      9.091837     72.734694
      1.189010      1.521933    108.361097      9.204082     73.632653
      1.177473      1.507166    109.868263      9.316327     74.530612
      1.158185      1.482478    111.350740      9.428571     75.428571
      1.132449      1.449535    112.800276      9.540816     76.326531
      1.102369      1.411033    114.211309      9.653061     77.224490
      1.077617      1.379350    115.590658      9.765306     78.122449
      1.041506      1.333128    116.923787      9.877551     79.020408
      1.007562      1.289680    118.213466      9.989796     79.918367
      0.967934      1.238956    119.452422     10.102041     80.816327
      0.921094      1.179001    120.631424     10.214286     81.714286
      0.883889      1.131379    121.762803     10.326531     82.612245
      0.850554      1.088709    122.851512     10.438776     83.510204
      0.824678      1.055589    123.907101     10.551020     84.408163
      0.796618      1.019671    124.926772     10.663265     85.306122
      0.788800      1.009665    125.936437     10.775510     86.204082
      0.802321      1.026971    126.963408     10.887755     87.102041
      0.809885      1.036653    128.000061     11.000000     88.000000
      256.000 LUT Cot value
 % Extinction:   layer dCOT:    Cumul COT:  Km-below CT: Temp above CT:
      0.260099      0.665853      0.665853      0.000000      0.000000
      0.260819      0.667696      1.333549      0.112245      0.897959
      0.271050      0.693887      2.027436      0.224490      1.795918
      0.311430      0.797259      2.824696      0.336735      2.693878
      0.370571      0.948660      3.773356      0.448980      3.591837
      0.424243      1.086062      4.859418      0.561224      4.489796
      0.476394      1.219569      6.078986      0.673469      5.387755
      0.529971      1.356726      7.435713      0.785714      6.285714
      0.581077      1.487558      8.923270      0.897959      7.183673
      0.625780      1.601996     10.525266      1.010204      8.081633
      0.670431      1.716304     12.241570      1.122449      8.979592
      0.717508      1.836821     14.078391      1.234694      9.877551
      0.759212      1.943581     16.021972      1.346939     10.775510
      0.793293      2.030830     18.052802      1.459184     11.673469
      0.823987      2.109407     20.162209      1.571429     12.571429
      0.854639      2.187876     22.350085      1.683673     13.469388
      0.886138      2.268513     24.618598      1.795918     14.367347
      0.911079      2.332362     26.950961      1.908163     15.265306
      0.931845      2.385523     29.336484      2.020408     16.163265
      0.948861      2.429083     31.765567      2.132653     17.061224
      0.968835      2.480217     34.245783      2.244898     17.959184
      0.992032      2.539601     36.785384      2.357143     18.857143
      1.008659      2.582167     39.367551      2.469388     19.755102
      1.025221      2.624564     41.992114      2.581633     20.653061
      1.035171      2.650037     44.642151      2.693878     21.551020
      1.049585      2.686936     47.329087      2.806122     22.448980
      1.067166      2.731944     50.061031      2.918367     23.346939
      1.078190      2.760165     52.821196      3.030612     24.244898
      1.090103      2.790663     55.611859      3.142857     25.142857
      1.098003      2.810887     58.422747      3.255102     26.040816
      1.106432      2.832466     61.255212      3.367347     26.938776
      1.116283      2.857684     64.112896      3.479592     27.836735
      1.119379      2.865609     66.978505      3.591837     28.734694
      1.126941      2.884967     69.863472      3.704082     29.632653
      1.134248      2.903674     72.767146      3.816327     30.530612
      1.136824      2.910268     75.677414      3.928571     31.428571
      1.142372      2.924473     78.601887      4.040816     32.326531
      1.145480      2.932428     81.534314      4.153061     33.224490
      1.147621      2.937909     84.472224      4.265306     34.122449
      1.148160      2.939289     87.411512      4.377551     35.020408
      1.149353      2.942344     90.353856      4.489796     35.918367
      1.151602      2.948101     93.301958      4.602041     36.816327
      1.152130      2.949451     96.251409      4.714286     37.714286
      1.152116      2.949417     99.200826      4.826531     38.612245
      1.150854      2.946186    102.147012      4.938776     39.510204
      1.149855      2.943628    105.090640      5.051020     40.408163
      1.149272      2.942135    108.032775      5.163265     41.306122
      1.149412      2.942494    110.975269      5.275510     42.204082
      1.146548      2.935163    113.910432      5.387755     43.102041
      1.142334      2.924375    116.834807      5.500000     44.000000
      1.145198      2.931707    119.766513      5.612245     44.897959
      1.145868      2.933421    122.699935      5.724490     45.795918
      1.144391      2.929641    125.629576      5.836735     46.693878
      1.145631      2.932815    128.562391      5.948980     47.591837
      1.145594      2.932720    131.495111      6.061224     48.489796
      1.146357      2.934673    134.429784      6.173469     49.387755
      1.147427      2.937411    137.367195      6.285714     50.285714
      1.149230      2.942029    140.309223      6.397959     51.183673
      1.151707      2.948370    143.257594      6.510204     52.081633
      1.154543      2.955629    146.213223      6.622449     52.979592
      1.156806      2.961423    149.174646      6.734694     53.877551
      1.160329      2.970441    152.145087      6.846939     54.775510
      1.164712      2.981663    155.126750      6.959184     55.673469
      1.168451      2.991234    158.117984      7.071429     56.571429
      1.173687      3.004638    161.122622      7.183673     57.469388
      1.180469      3.022000    164.144622      7.295918     58.367347
      1.185672      3.035319    167.179941      7.408163     59.265306
      1.188552      3.042693    170.222634      7.520408     60.163265
      1.194933      3.059029    173.281663      7.632653     61.061224
      1.202420      3.078194    176.359856      7.744898     61.959184
      1.207965      3.092389    179.452245      7.857143     62.857143
      1.210441      3.098729    182.550974      7.969388     63.755102
      1.211398      3.101179    185.652153      8.081633     64.653061
      1.215921      3.112757    188.764910      8.193878     65.551020
      1.222387      3.129310    191.894219      8.306122     66.448980
      1.222836      3.130460    195.024679      8.418367     67.346939
      1.220352      3.124100    198.148780      8.530612     68.244898
      1.219654      3.122313    201.271093      8.642857     69.142857
      1.216591      3.114471    204.385564      8.755102     70.040816
      1.218233      3.118676    207.504240      8.867347     70.938776
      1.213678      3.107014    210.611253      8.979592     71.836735
      1.198011      3.066908    213.678162      9.091837     72.734694
      1.189010      3.043864    216.722026      9.204082     73.632653
      1.177473      3.014330    219.736356      9.316327     74.530612
      1.158185      2.964953    222.701308      9.428571     75.428571
      1.132449      2.899069    225.600377      9.540816     76.326531
      1.102369      2.822063    228.422440      9.653061     77.224490
      1.077617      2.758697    231.181138      9.765306     78.122449
      1.041506      2.666254    233.847392      9.877551     79.020408
      1.007562      2.579358    236.426750      9.989796     79.918367
      0.967934      2.477910    238.904660     10.102041     80.816327
      0.921094      2.358001    241.262660     10.214286     81.714286
      0.883889      2.262756    243.525417     10.326531     82.612245
      0.850554      2.177417    245.702834     10.438776     83.510204
      0.824678      2.111176    247.814010     10.551020     84.408163
      0.796618      2.039341    249.853350     10.663265     85.306122
      0.788800      2.019328    251.872679     10.775510     86.204082
      0.802321      2.053941    253.926619     10.887755     87.102041
      0.809885      2.073305    255.999924     11.000000     88.000000
